Host,business/finance,education/research,entertainment,health/medical,news/press,politics/government/law,sports,tech/science
27997,0.18265716537432972,0.381376696818583,0.29777496278130156,0.006881699940965332,0.030631062638272477,0.015196237660529466,0.02173124899573215,0.06375092579028628
9316,0.08468301165015077,0.031310573790394654,0.7416811597263995,0.00358624401167653,0.014037571172240432,0.018608597940778585,0.03488146850777733,0.07121137320058218
27045,0.6594332848665138,0.005794451768321956,0.2938880030529861,0.0046788355586581225,0.017961213923013825,0.0026568305220797785,0.008179942819075513,0.007407437489350852
19805,0.0860603613600949,0.061000553564500425,0.044632870120922985,0.6509790791081045,0.012476232509573417,0.1086405262401221,0.007289603022950179,0.028920774073731455
26580,0.04647355599117012,0.23421812259879027,0.2509665849953645,0.011969824186207791,0.11491627137106128,0.09218931561323912,0.003643994103819763,0.24562233114034715
16886,0.15434927921953343,0.024896199328437296,0.6804769373470352,0.021769681515718755,0.024432979793032078,0.03443910066886036,0.007046443809177239,0.052589378318205704
27931,0.2874251228715706,0.028511189879248288,0.5677545696469812,0.004721522991953159,0.019000821449188587,0.05992652473019744,0.01595959152853387,0.01670065690232681
8977,0.09876438621978478,0.2931528880655442,0.26134065305060455,0.153619004120089,0.035608254923884974,0.042124803646719645,0.01982442597219316,0.0955655840011797
20285,0.023407835517989833,0.01421964494807439,0.21983227722251164,0.011922570177347108,0.01203422006547232,0.010684443821198104,0.6997767038360045,0.008122304411402126
2427,0.11161674665872048,0.43029767395573404,0.1505219264517318,0.01205829368904263,0.012757362075555022,0.01699358445036962,0.01192157332358551,0.2538328393952609
1324,0.3938768607117281,0.017636618411991274,0.5324994856864929,0.010998888584246141,0.006809338611238974,0.0156524645799943,0.006348380891542528,0.016177962522765824
25006,0.3663281121552383,0.09233790588533017,0.21330071177815046,0.03561085791360856,0.006676572596684289,0.12985984458433764,0.021259816709278907,0.1346261783773716
13134,0.6344767281803106,0.012468810467759963,0.04415190099959425,0.02896922657023217,0.011734958004900566,0.25654348753627126,0.0025869531418813746,0.009067935099049788
11834,0.9034520379835771,0.006042442178513445,0.05856011321698694,0.0101085469908362,0.007025848275778616,0.0028883104541050373,0.005984236706855512,0.005938464193347219
19930,0.4050841671430875,0.05621727825797639,0.04663694362046901,0.022299552412077053,0.013448026024711963,0.4092002855859944,0.015625604059990483,0.031488142895693155
12212,0.37291776177908503,0.013603843703172146,0.25989792105112197,0.0247018438016096,0.12592047497957795,0.047411532951878096,0.007356408109859959,0.14819021362369528
14062,0.030245741989129236,0.007812800592597305,0.027723791857254355,0.0011312613634746529,0.011229588477283666,0.0014937998420979535,0.0011203494959842462,0.9192426663821784
18965,0.20847541333948977,0.041284461348878546,0.42245240867012046,0.00429174605943214,0.027330239717769492,0.1806531339877499,0.003721067548826594,0.11179152932773309
10744,0.5677607704798622,0.053838155677911025,0.13602039384780218,0.07165795788108127,0.018289617791522373,0.031040534086410457,0.008444522522841034,0.11294804771256939
20664,0.07418904596885295,0.021991463228782673,0.2644014058315366,0.011485644310197645,0.017207607861485806,0.014220576205331487,0.5856144979726305,0.01088975862118231
17021,0.2258777862151261,0.010968580318137357,0.10100248542660169,0.003924511626903566,0.06149895455008128,0.007786350288373663,0.00807507066580165,0.5808662609089746
8212,0.5132198928016095,0.017525924856615485,0.3788405632665144,0.004024820791848932,0.02079300430195511,0.014748636657702768,0.020814008355981656,0.030033148967772146
20736,0.5199177225306022,0.02712294462477974,0.1970627813432746,0.05134229701043603,0.04523588612300425,0.0487005321081664,0.06540963697270925,0.04520819928702742
11963,0.12244640060411921,0.04511775701584787,0.7158522801011018,0.006276218880249027,0.021327743228652628,0.011875637752241026,0.0029366121402455356,0.07416735027754279
12970,0.38129915139114356,0.1193237932962311,0.20327715051660677,0.03645724495165077,0.0509256847425304,0.035485549297354015,0.013013497291674878,0.16021792851280853
19053,0.8268534255537766,0.006468434795426043,0.09037326348048327,0.006807832751373993,0.028961242131183867,0.007565896704372725,0.006303340613004489,0.02666656397037894
20877,0.009177898475952174,0.0008218108097359496,0.013556948751071602,0.0009213624539920133,0.0028956748071942147,0.9707445220339034,0.0007017437782957202,0.001180038889855101
6688,0.18620737443862465,0.01642717083508155,0.11572706813328183,0.006474216956237408,0.27356719128641593,0.018168590937419214,0.35810008107933794,0.02532830633360142
1485,0.09029138174680117,0.01124820270749545,0.3627967264358173,0.009791783274513176,0.01048773617284881,0.501939319708393,0.00674007394494227,0.00670477600918881
9915,0.01277712292580302,0.009145703140917397,0.9682225269764078,0.0040671551466889624,0.0008199350390737296,0.0014415692745481962,0.0005813351470366382,0.0029446523495243564
2785,0.11106862489223251,0.01608822369304079,0.675939204502378,0.007132060624589131,0.037671261212524065,0.008822745989090382,0.027267835478789783,0.1160100436073552
20128,0.05310458498877184,0.49355741878590176,0.14671546046034548,0.010884652525046154,0.027584907165629505,0.0341189695468119,0.0037366740661574508,0.23029733246133582
12295,0.7045748550392809,0.04042744500252563,0.09806592198738168,0.015112492403887432,0.01330653157742201,0.06196550078492424,0.009997408389059916,0.05654984481551822
14567,0.21686656072790333,0.04902819929768161,0.5818285776807218,0.017227489025353974,0.04357805570137104,0.03214308796878467,0.008161023920543698,0.051167005677639835
25052,0.299559902774452,0.04028818717474955,0.52961562488574,0.012153174382181713,0.00608130532148585,0.033657731217806915,0.009559528352076536,0.06908454589150734
25689,0.862579118103185,0.011384520525936206,0.029241038534465205,0.03342119103838296,0.026125062893404417,0.030758786559828465,0.0036332824696897583,0.002856999875107924
18873,0.040767613034774795,0.5734365733997346,0.27841444212658284,0.0025269171205309186,0.02244423107896541,0.009130512733070913,0.007772375869689346,0.06550733463665113
18451,0.03381869430692182,0.11171087714063904,0.5515629865306688,0.005772296316717494,0.014471815643769221,0.020874803320098303,0.0021798175721262614,0.2596087091690591
8422,0.4138944468447548,0.0311901553952939,0.3731723924146707,0.022924946938900077,0.016615299617291964,0.010700453917638556,0.007587214563757815,0.12391509030769218
9199,0.009653072514421646,0.004121277463267323,0.10486249415846514,0.0010588407531077163,0.013274237459563866,0.0019674092890875705,0.003666848150545748,0.861395820211541
9941,0.12277199094489302,0.0115396800401346,0.04892778219877571,0.0023422240033212126,0.005538154966963162,0.003832968814926089,0.009638219909525951,0.7954089791214602
20517,0.14409142071953496,0.004590602198891572,0.8290450333298505,0.00413038596433155,0.008379828196582534,0.0034967085793183176,0.0022945636330238897,0.0039714573784666906
12718,0.3648686941615389,0.40377470415502636,0.08786548475466249,0.0038188944713202057,0.028695648474597088,0.012252829405735383,0.022451457983715804,0.07627228659340382
1681,0.36108885717801753,0.06852252150137116,0.39844773744728884,0.03468573052211662,0.024216818458613613,0.03537635785230288,0.00833513723760239,0.06932683980268702
4828,0.01594006398584095,0.6155926902371109,0.048811432623685855,0.012446161240311678,0.0059665021484441565,0.05961378481911235,0.0031030568166404296,0.2385263081288537
22986,0.8830054393672657,0.0010657913734988759,0.015349731786791297,0.004000223317560316,0.007819245403340521,0.00637750728338655,0.002803478673654827,0.07957858279450188
423,0.2548820892825193,0.00850940125168448,0.7081339061885682,0.0019096543406838594,0.009046506168841595,0.002699428970791632,0.004862884236269634,0.00995612956064133
19294,0.27185220503012786,0.02314793615431536,0.6024694030021304,0.013477942780623732,0.047219235171933806,0.015420602151965453,0.006534464701405486,0.019878211007497926
6354,0.10134203357271371,0.022273884733961226,0.34971137176930894,0.022429887745720686,0.323020650801299,0.1375282018122819,0.009089673050319366,0.03460429651439521
4086,0.33846545874146927,0.029355976882214776,0.39305125561410914,0.005593612284224753,0.016972316590728995,0.011087978279930803,0.02236518979539029,0.18310821181193182
3146,0.814932764443673,0.008159641301961944,0.13814933969795745,0.0026721750776934256,0.007891955528188242,0.009090925798224883,0.007766624748063507,0.011336573404237544
8759,0.2482155372602004,0.07842374789573434,0.3217347508487661,0.026488937088784754,0.014665856548343967,0.18042134361103848,0.009767179462769858,0.12028264728436212
1358,0.619598429589185,0.009743424772486716,0.2452485259619253,0.005430957767210197,0.07503474000068486,0.010333409793023185,0.024044807237620095,0.010565704877864648
8466,0.11795940176589771,0.007367438731335519,0.03095230479150047,0.011689192291113829,0.008394311229480887,0.8150695837992097,0.0009936919078882252,0.007574075483573696
12664,0.47167639860794663,0.02896882568747247,0.24071358652874514,0.00617486277148179,0.04787559503910974,0.023146483482618895,0.011892261225269764,0.16955198665735555
13113,0.44095553661528386,0.09434033533262075,0.07839262979825427,0.014425352053490104,0.019916419999139474,0.3118473068240424,0.008745757896930129,0.03137666148023899
24532,0.8717097043523678,0.010833907248661956,0.0869994333792048,0.005734335622328642,0.005048183388219697,0.0048931651458682165,0.003962086600917523,0.010819184262431267
26881,0.4009405265523484,0.0536493629681547,0.2535781085854192,0.019185620872929562,0.07651424324887302,0.126481477543939,0.005946311155396294,0.06370434907293987
20970,0.3475776183682273,0.03806545254158915,0.3249416202132353,0.024836166039954963,0.016461190164644743,0.20681764617273102,0.005633834667404536,0.0356664718322129
5951,0.3349228132080456,0.010521358334444432,0.3147385355648999,0.0047684890596469565,0.020037698140653853,0.2820475842521165,0.007842501742572557,0.025121019697620144
2547,0.01939839607062286,0.007533956149086534,0.9601930233618652,0.004616436881213449,0.0016123880429763726,0.001994889275910655,0.00073643413354967,0.003914476084775181
254,0.622813054094944,0.0063900828849699455,0.24602413751330085,0.00584926280293055,0.06868550324374761,0.013594495765925379,0.028106965195895617,0.008536498498285899
9824,0.751483514796378,0.005230287676815697,0.18756039292908022,0.002122140991463941,0.010335589778897376,0.0032296379676854917,0.025004073510355246,0.01503436234932409
27314,0.1792486651892598,0.401210700284971,0.051743083740992485,0.01704686577134547,0.026338259281784467,0.06834984969559808,0.006501971565852343,0.24956060447019626
13643,0.3593175340649409,0.08381398691964041,0.10866707934338793,0.03174697517365116,0.026195729418535155,0.01758772777754081,0.010721491141705449,0.36194947616059814
7998,0.619663928223606,0.045741394251489015,0.11177661533787374,0.030350094020320767,0.030802478563975527,0.07093934874729528,0.0044094573931112505,0.08631668346232839
6742,0.6977465170824143,0.010947751442676852,0.21520088805108023,0.036842943400161754,0.009811329073625617,0.008261866089277068,0.015232065600529532,0.005956639260234514
25525,0.4720411360910013,0.0335410656275738,0.19896650269936084,0.022699287731057335,0.03640209833390077,0.03740565838472161,0.007913177661703179,0.1910310734706811
26065,0.06876903305605502,0.42150872340850276,0.12818798343189391,0.008315493742965818,0.07071186649381339,0.09820487807603831,0.004510276519954711,0.1997917452707761
997,0.011093405927421151,0.7352862332662369,0.05367146805240233,0.004878016132815443,0.005707416579578072,0.008727259781175037,0.0028833982843940262,0.177752801975977
12263,0.5956368427469751,0.03354978956961226,0.031959630076163474,0.0024045608126845204,0.023559242988392327,0.006132237018086089,0.014505570492922983,0.2922521262951633
61,0.1328886844596661,0.040424531012704296,0.359726170945779,0.013795469993349033,0.2414926060266549,0.09410804113279628,0.00658841244702082,0.11097608398202959
25885,0.007420139201297206,0.0045528312913682015,0.009756933782220778,0.0008663553510591144,0.004505332918412283,0.0008857887333037116,0.0011294578735818318,0.9708831608487568
2671,0.3870428252870378,0.028002562846199328,0.13837438133876953,0.03811557817300441,0.03140501983546647,0.35310904542776345,0.00994265568829027,0.014007931403468682
10244,0.16012278079147974,0.004564333054464499,0.7516997465384694,0.009907107360370336,0.03031181670733603,0.024043895888099666,0.004636608599794169,0.014713711059986225
11011,0.9005264546173595,0.011720633907811497,0.017614634537570138,0.012328579295489929,0.004340055580893091,0.03720990556939071,0.0019052390566047404,0.01435449743488049
346,0.08222242527824519,0.031864022955407384,0.7991035398783789,0.00984677561155314,0.04757706754308512,0.006501923263055703,0.0028803044999056544,0.020003940970368794
21405,0.23742248117270628,0.05538129315325265,0.4238042202422599,0.02907068139650728,0.04350211221597726,0.04267138146610253,0.012516598561184342,0.15563123179200977
20226,0.23828301969459154,0.2801891494503641,0.15488604472335618,0.021952904008547557,0.01790816264281156,0.08670035051319977,0.008476719204435518,0.19160364976269378
24838,0.513163242173809,0.012101590507803892,0.3999617515161827,0.022307574468547066,0.011960587296119558,0.009594513056417663,0.007653308257311021,0.023257432723809143
5742,0.18659940619431825,0.2394348008148434,0.426656481244032,0.006642492667026132,0.05296760720594054,0.029506217552890616,0.00799362889215981,0.05019936542878924
4758,0.24299216992600062,0.08435980610735727,0.3540367383673242,0.04029443498588276,0.018041340501812213,0.13170328376119544,0.035942793626626154,0.09262943272380134
15401,0.9083964099676214,0.0026032344339818386,0.05863951024573147,0.004593488847715188,0.004530001058360853,0.0012792647643674318,0.004114502967563754,0.015843587714658117
10797,0.47386065172164904,0.043509030924160016,0.1194184687027548,0.0038946470577401987,0.013359783324508243,0.005098153030581357,0.00878895164482897,0.33207031359377737
21942,0.0661945010567212,0.02042411822423843,0.11421805496667414,0.711759011280896,0.03185943825102257,0.028582742781789995,0.011283898596244192,0.015678234842413465
23539,0.6697154198190914,0.010211762128797697,0.15508319127951406,0.007674271094773328,0.02754094830964529,0.06916463164683437,0.02529907726842074,0.035310698452923076
4098,0.04814775855463151,0.2485787332580166,0.3905577125143225,0.010144931778691229,0.04541217565071441,0.08516656318296809,0.005159075171617922,0.16683304988903785
18289,0.3666063051499022,0.08719753816544518,0.3903758853776318,0.020530780797301522,0.05568591927784844,0.041820316608345495,0.008076433446553346,0.029706821176971945
15969,0.1757525999537944,0.005738364571626072,0.7894456532242051,0.0030513672642351677,0.010469810554079188,0.0028360492996898122,0.0019486246125379864,0.010757530519832187
3905,0.0372045762591271,0.17089106560265782,0.053631148158131775,0.49769128405823193,0.04057740591771228,0.03290763668456976,0.009119891660926915,0.1579769916586424
21989,0.06018048954188181,0.056269776860064236,0.6294520210706727,0.01464118477455121,0.028578587148723772,0.0405312735980812,0.1440591047219112,0.026287562284113983
26547,0.4128182297574212,0.013916348276122498,0.37919412938600083,0.017923383644492273,0.02015023597413549,0.01192405205094978,0.0076464041368273705,0.13642721677405062
25153,0.2168889419625631,0.02342655561984404,0.2939943588991627,0.009968583687345135,0.26777697869982414,0.06462934070277931,0.10534677969438913,0.01796846073409241
9706,0.1123322446814321,0.01902734733696069,0.768501123903655,0.010984990255091844,0.039344461589268395,0.008615909584306497,0.0029116688163293675,0.03828225383295606
11655,0.6616086727943024,0.016128119550354737,0.19927535132059307,0.0066786442655482284,0.008071602918839044,0.023481082067618876,0.0077333456297755485,0.07702318145296802
10887,0.6980787407193085,0.08155218402039328,0.09125561454414634,0.007611142536155037,0.023926365462526463,0.036974474005266426,0.007128888503825106,0.053472590208378856
19087,0.05778996610514775,0.03389339642910928,0.3887868843757283,0.02133047186358475,0.014351635814768976,0.018313919405527405,0.004223810829035486,0.461309915177098
22570,0.9041019055786865,0.006419667573092296,0.06575839112058968,0.001409038794747027,0.00841920485777882,0.0028413411281690065,0.0029686323142764422,0.008081818632660245
16588,0.6893754807262445,0.007445941725712016,0.13579717163776053,0.007398346357674017,0.09500253053197338,0.05010301781119143,0.004769418082539598,0.010108093126904449
19524,0.3748263196253276,0.06800025127682931,0.1584271644479711,0.10643398787389176,0.07055448739052042,0.06053594087200863,0.019225690529422024,0.14199615798402915
27327,0.1036512559135855,0.4706448113155939,0.31013293574147976,0.012154064551125773,0.020647963096200976,0.014352191545768774,0.0041555548610607744,0.06426122297518459
9802,0.11025628500128744,0.08247662614420273,0.15418619696101787,0.326157616927614,0.021377754646164614,0.26231810538619743,0.00973906252831509,0.03348835240520087
15658,0.06610744724854489,0.3406488868744904,0.03289719172716866,0.011145789307421234,0.0099020474191303,0.0053190067950884354,0.004668227477994154,0.529311403150162
26686,0.8417085637032315,0.007108519429369243,0.10424130822188865,0.016896155724572242,0.008530221093935985,0.007720604928670535,0.006041565182380044,0.007753061715951741
27649,0.041570224848032536,0.3104644872800912,0.48959865032939176,0.0044596812165435575,0.010140900049997539,0.034456979866704866,0.005707833242842023,0.10360124316639649
21404,0.13887756863393771,0.31283576537432,0.1027811813815588,0.013665829910270913,0.008718112120653553,0.1616581733773786,0.08805779132251684,0.1734055778793636
4928,0.17332164050088433,0.3589843604015835,0.05889906829372763,0.007482903058712494,0.010414531612820938,0.013269578347396171,0.011064636796053089,0.3665632809888219
8701,0.04053203818854417,0.052272274701056096,0.03173467110468318,0.6535828404904689,0.010643146167649636,0.1826452874785662,0.004451506777648762,0.02413823509138306
9444,0.05185181573834578,0.02446256511663745,0.7769139771650738,0.005330253204168213,0.0796274044283621,0.006871717815596427,0.02213888929778482,0.032803377234031365
21570,0.1710295370610791,0.08394960105206696,0.16072791955389928,0.5079877413120271,0.01930887572929245,0.015147219538346753,0.010451031827323026,0.03139807392596532
6154,0.017000155994555143,0.014731681785945682,0.015953496338826183,0.0008493497386164661,0.008894015782028772,0.0022580939454043976,0.0010415421487680312,0.9392716642658552
10861,0.38129915139114356,0.1193237932962311,0.20327715051660677,0.03645724495165077,0.0509256847425304,0.035485549297354015,0.013013497291674878,0.16021792851280853
10233,0.09670681114821653,0.02961687997962261,0.30882375432344267,0.21046551935762894,0.17711563060575447,0.13215077126819647,0.01033221283104532,0.034788420486093055
6066,0.5870583057934298,0.04299945685203484,0.1164868493880471,0.05047130653292452,0.019609716673874625,0.13884115113311526,0.01306335595812184,0.031469857668451943
18155,0.09892814740039071,0.09884028593631171,0.2993435426370332,0.14532550856594104,0.03462400804508052,0.06601880504472277,0.051479302163743655,0.20544040020677623
6871,0.6771744902567219,0.012679296026136959,0.1725597316716378,0.03916106396722266,0.019525489580183384,0.05329746984569987,0.00824228829437611,0.017360170358021176
3553,0.03729542549771449,0.08996285319950698,0.7270932439183969,0.006181091416729736,0.02605779275973786,0.03007693528881005,0.002286621663174308,0.08104603625592974
16463,0.5920683192404677,0.027379520309395007,0.11371045238387675,0.0582530736147387,0.009538128291143262,0.03033546282407866,0.011455637662334806,0.15725940567396512
25967,0.08807641742311216,0.03130414627849704,0.057757204545987276,0.0017127723113774902,0.007174421740386077,0.006749954421811412,0.00831856397635242,0.7989065193024762
15172,0.8645733545612728,0.00447600507529226,0.08927070896849056,0.012330352944241217,0.010070236875880621,0.003639490888481902,0.0024004768081734166,0.013239373878167145
2591,0.14183685489896244,0.019131191072902363,0.756936450066629,0.003733945308415376,0.04600371909674616,0.007163689781079996,0.018090441303626838,0.007103708471637923
12863,0.6587094860188721,0.01882256816137664,0.11920977008491893,0.008177524894150228,0.006843467803733402,0.019942309927853896,0.007470346176021629,0.16082452693307306
8090,0.04274079225903056,0.01568573617600468,0.07549449525703919,0.005393519805296112,0.03642598119133216,0.8197431254870966,0.0019737089426202135,0.0025426408815805842
21348,0.022077888745597546,0.29799784592600587,0.06515466509412093,0.02709670305997183,0.007090282533564023,0.014737987448247815,0.0038984508194928264,0.561946176372999
21588,0.11034072208838595,0.030606500218291942,0.7484465707912025,0.022141872400892687,0.014392832093661087,0.028039819271541817,0.013415496054708253,0.03261618708131584
23497,0.4654508768246083,0.016564058201516015,0.24624597949684157,0.027652210306354813,0.07079928085209244,0.1439216294854831,0.0070087042393260695,0.022357260593777756
11245,0.8981031019983761,0.012973493638325801,0.04191945573867598,0.002485585436485388,0.006120334300805456,0.004241368792225025,0.013983352040022982,0.020173308055083338
19097,0.5387949712347166,0.011582716089394226,0.26505561638609276,0.0020526581495000275,0.011446230280655365,0.009199712831529216,0.009450777452438015,0.15241731757567367
9062,0.09614487683235759,0.3352626594959192,0.24507737626043596,0.017860087730830688,0.06342443837497534,0.20454071264843016,0.01024204516865562,0.027447803488395345
11896,0.46142446755521227,0.008040872679269296,0.44810931341834825,0.006884198306720603,0.014331011398334072,0.0391665777980108,0.018184880053158315,0.003858678790946411
11336,0.17867611294569552,0.003358257409784661,0.782962174156387,0.0013409052904311681,0.01650132144952292,0.004370579954242757,0.005057976368354287,0.00773267242558183
14563,0.49191019892221655,0.11985430422950157,0.31209484881820776,0.009431575986266484,0.007320423412073323,0.020062222473633904,0.02033646427871246,0.018989961879388097
7410,0.7545375148016613,0.006780247250223061,0.03456894191135432,0.005128557878414523,0.03115140557927523,0.1598607237179114,0.0011752094827250216,0.006797399378435024
19408,0.2682877695834107,0.04586408675484639,0.08323169405813952,0.008288707945805307,0.19270657715090972,0.06702098193108007,0.007232819029481729,0.32736736354632656
2586,0.7249867002497721,0.047651579563487936,0.019267454806604065,0.002969690358729591,0.005862788449325289,0.007467464331387359,0.008091186878333757,0.1837031353623599
15151,0.017957129335685655,0.02948647624456943,0.37198463145445004,0.004911566661275217,0.007425701633848487,0.011188380254486183,0.006648423667172332,0.5503976907485126
3504,0.18262115928788186,0.15995448349294933,0.19076150502849967,0.010111634181448118,0.022064150220416044,0.023107930888987004,0.02421308624374361,0.38716605065607446
10419,0.09151441099477006,0.10514520919226042,0.14164728614049127,0.25659985516587264,0.06847140042587264,0.1360179879012934,0.009834658701196111,0.19076919147824342
17618,0.2411370475003819,0.08260650827404462,0.4345493757170191,0.0051948327640234946,0.04453067418012425,0.015300501077890459,0.015021662869178538,0.16165939761733766
13560,0.28036205073582593,0.07121679650530562,0.3597247958763441,0.034342135398914925,0.005906561414436497,0.095774366004987,0.018194669460172324,0.13447862460401372
13984,0.019938811226086796,0.27237782205204064,0.04996792848758098,0.0035051868590686296,0.014797425868417912,0.5621209628881765,0.0012976685485179015,0.07599419407011052
9819,0.132042250255009,0.15091664405484984,0.041565036092274646,0.0075678148309082935,0.017418986323007497,0.014393924251967128,0.010763513864434632,0.6253318303275488
23949,0.11291428222108033,0.019206818838310956,0.7771759761284522,0.006227323266075299,0.02542085082040076,0.0079563373703405,0.006482222165336806,0.044616189190003125
15002,0.05595145921198773,0.22314062520534989,0.24149566915771503,0.04118549748386046,0.08181475217217915,0.02726056382435907,0.003831211103416031,0.32532022184113274
3875,0.09335511298063977,0.054202553978950255,0.6029682969902623,0.026427376238178354,0.07492294955615912,0.0426084414776807,0.01029394357023082,0.09522132520789858
26471,0.22150068835811065,0.10490938920650963,0.32116662639797466,0.03890010491679734,0.021418829337825615,0.0507082515370429,0.01338875424101428,0.22800735600472485
19885,0.26201638401443017,0.11759874834720477,0.30712130122674164,0.04105762022526743,0.009813384220017658,0.11531627122552451,0.025126487946198556,0.12194980279461524
5756,0.3205427564094347,0.04511002811564002,0.17168454428650845,0.25445626058425896,0.026849782193646407,0.1508353853650355,0.009920148240357978,0.02060109480511804
18070,0.12798004686050865,0.027264098971214137,0.5923486957978354,0.00843051307488519,0.04122236843153329,0.18102555308626364,0.007296752864339944,0.014431970913419679
6783,0.06387238060779793,0.0030407367482414207,0.902444631889887,0.0007658825955265101,0.013789213944103183,0.004931824300503239,0.005263341086930454,0.005891988827010346
15975,0.4348997268615634,0.01682391747760099,0.2029890926559759,0.03160759773801041,0.02113582978330726,0.0608151160057724,0.005188424591424686,0.22654029488634492
14779,0.8132933600236969,0.003918155121906232,0.04999582248827508,0.09913655531032184,0.0077359782771547585,0.01506573104540478,0.0032028408262046422,0.007651556907035955
19237,0.16094001512509687,0.019678268436794228,0.7468040935908,0.011878879136323028,0.014727713455329345,0.02714653550971647,0.008195602400871256,0.010628892345068669
26473,0.5311349441036368,0.028555576059713567,0.12460651420085314,0.007104072636751167,0.053146361098552614,0.007264348932529188,0.01586392992785449,0.23232425304010906
21311,0.44195378307740596,0.037121079735895485,0.3486199892167057,0.021603954695872125,0.024759679803229757,0.0595487009712233,0.006983364309766029,0.059409448189901584
27551,0.910691103716915,0.004429811929570767,0.05626956305681508,0.004220420587440453,0.005459036393849602,0.0030559475713127404,0.011004186469910814,0.004869930274185517
2705,0.07358700875391909,0.6381443776892313,0.04054113750410179,0.015541153274474506,0.016225828625333623,0.049795947290236266,0.007938388068808745,0.15822615879389473
12514,0.17015450243911326,0.36253152732511557,0.20043978525420875,0.021625673377944372,0.02349116542706224,0.022797836837777943,0.01592002636080858,0.1830394829779693
26485,0.004902608925276072,0.014830775353351706,0.0038205963177763078,0.00045712868416486414,0.005991160836550141,0.0006979346515801534,0.0005999812830753654,0.9686998139482255
8906,0.11977545968238985,0.0656574329617017,0.07916930145490775,0.009605178924665229,0.02132903308195675,0.6752072131382459,0.003399185680236193,0.02585719507589658
674,0.07147304085869186,0.6187941484422597,0.1623448184014452,0.00736998229827197,0.03546119808358192,0.012609344751182902,0.012566498464769815,0.07938096869979666
9391,0.6813531442750864,0.03922681394727347,0.11033553821245205,0.010674245283223957,0.010534744446777024,0.017381758684990922,0.013373313064451539,0.11712044208574451
7712,0.1969570473382811,0.02386916920762579,0.6931028731826792,0.006286710652117421,0.01337104216422246,0.02615677595388828,0.005026855583103392,0.03522952591808237
17681,0.17702731761929766,0.006227624502504593,0.6845486266775587,0.0031098133499761495,0.037973382653282345,0.07867031592098754,0.007790975691892629,0.004651943584500471
15221,0.6803998578156649,0.02074300419615715,0.08844506675210957,0.008018398301049846,0.09568747805603538,0.06621117358432317,0.005346995896639506,0.035148025398020435
11436,0.8984316135816885,0.006258217015807271,0.06387146331720606,0.006091419457151588,0.002511064190512822,0.013099014994785186,0.005000795673149237,0.004736411769699226
23356,0.20351080530081853,0.015040842597104743,0.6264887014726279,0.008854155538878033,0.013486023258568045,0.08988874414533526,0.030354687098642877,0.01237604058802465
25632,0.010374182867158691,0.010470457680110692,0.015981931862780872,0.0011937793821699268,0.007678313622504111,0.9524714687578311,0.0005911455127290404,0.0012387203147154662
11684,0.018692012169696168,0.5575255364264511,0.05030927255526526,0.13633388827738874,0.008467161217610784,0.014047978681714996,0.015601912964020945,0.19902223770785205
14883,0.2493650918943099,0.11185969303005555,0.174175665463761,0.03830731283900422,0.03397652893128281,0.3032372969315563,0.026987012844198178,0.062091398065832096
20302,0.06972724781702988,0.22837431269882474,0.27655280219855394,0.07713647209189613,0.09291179994226662,0.036449120583198685,0.005571656394803054,0.21327658827342694
21899,0.07491478960566982,0.052120035774434456,0.695716123042499,0.01678522434069322,0.049377613773467985,0.028965102554328603,0.024495366730903065,0.05762574417800374
15954,0.14639245893542116,0.032117812240518316,0.19732667580577373,0.021080235787759895,0.14949596649353747,0.3929978449837116,0.014015297315775894,0.04657370843750196
16830,0.2848351068709704,0.18768825026337083,0.3366471704578418,0.03263342272713095,0.02103394752356475,0.06322254258477882,0.007240462327002114,0.06669909724534022
12111,0.1546314117582566,0.028043353906070653,0.2728160013023901,0.3760358359749542,0.03291234386089825,0.0801480859418264,0.010603099696833112,0.0448098675587708
11862,0.14541240258671548,0.42376283706863177,0.09239667222710521,0.05820735338679501,0.018767768493433132,0.1429709729701761,0.008040209801851194,0.1104417834652921
26342,0.8305651786868149,0.0039184165580886795,0.14129405962820496,0.002078067134273706,0.005978304227820146,0.0042285380472343054,0.004135805933291578,0.0078016297842717856
11683,0.8844133468810906,0.013847149648334296,0.03647774262581515,0.017161606413659002,0.013936863462320866,0.0149856535710922,0.005107388479734533,0.014070248917953377
20741,0.019545269804883966,0.4279981668409887,0.026024397342587012,0.003472631288856228,0.005732309995669588,0.006864827527017155,0.002578321862682087,0.5077840753373153
3927,0.01978534538536977,0.5651471081211511,0.027738807979199864,0.008646836154646044,0.00781333957348352,0.05712740821691081,0.0016610951283398368,0.312080059440899
17864,0.8791668286077272,0.004841750493231458,0.03224449958192558,0.006994038888045406,0.009298708518062821,0.003195054639438853,0.003292794622613242,0.06096632464895532
21896,0.016641419336241216,0.7581858230207468,0.006022606522707029,0.006017157567077902,0.0016562878682178192,0.007814005904612824,0.0016862568546464883,0.20197644292574984
13268,0.1309811677750206,0.014519250313751758,0.16580757032676285,0.01105388436317244,0.11104477226839163,0.014848721138208258,0.5216048848441945,0.030139748970498013
2521,0.13762664450726983,0.015561277415576717,0.7618285148780685,0.007140479704243156,0.024897875856905387,0.012236872258670605,0.017713986009540786,0.022994349369724963
27553,0.15986386745656753,0.02376375546405971,0.12383725260220688,0.006141769865988344,0.4002675006425923,0.2422378345341657,0.010285037311719501,0.03360298212270007
7341,0.7323797245096473,0.00903458606543566,0.18349851653044977,0.05449943217933851,0.004022805185696102,0.00246334872388539,0.004139578574226071,0.009962008231321165
17027,0.1931529730996221,0.06332641973611038,0.2844813558713119,0.03231830955754421,0.0737440298804174,0.16782515465987496,0.015769131046689266,0.16938262614842972
23178,0.0417412520505024,0.1394485048348254,0.6984721881956594,0.01097609866790093,0.03184767732320237,0.04967281335503384,0.005366204896759162,0.022475260676116576
17738,0.027973049989968322,0.05080318976968574,0.0175442584385733,0.020793572533402513,0.005294568897113237,0.8556817053750232,0.0037033879176255305,0.018206267078608007
148,0.7765198447646424,0.028517172797128062,0.10541463504046635,0.009977215249743978,0.022581919576320095,0.024444275458765593,0.013791309307705127,0.01875362780522843
9508,0.02278141539981074,0.004928146689246613,0.9614176905790928,0.0019846267376813945,0.002995903560007889,0.0011860503089110863,0.0012508442542968998,0.0034553224709526343
10373,0.117395520776258,0.020902206970061083,0.33061343501751755,0.011625891735610114,0.02998443880431556,0.018112556060876844,0.005274440685540933,0.46609150994981996
25597,0.07733734275845877,0.024962685661397987,0.8046783961621841,0.013886556039267514,0.04015803827251216,0.014975636966155538,0.009412009465397733,0.014589334674626298
16300,0.10782431273948946,0.27196172268022584,0.038968385140956886,0.020744895018029404,0.016763684257129575,0.08949488245138514,0.006281377774090454,0.44796073993869334
27369,0.12867907308207543,0.44185499505180276,0.13840225276209467,0.012057454890435925,0.01715791265369,0.05305646287356566,0.009584764443783284,0.19920708424255223
23931,0.34359182355328577,0.03126445247270495,0.09198768194784213,0.014623039098377753,0.014987488881966955,0.10800614485785884,0.019534314723927703,0.376005054464036
2811,0.19741200106574497,0.04551487251097816,0.19987802904132612,0.03059953102804929,0.038684983651022076,0.3054648002763715,0.029506746833579102,0.1529390355929287
27886,0.27914413593311327,0.024044677559069038,0.5817074523772305,0.002607753471540028,0.008962223184258255,0.03042795821564158,0.002645018233759558,0.0704607810253877
11216,0.010966007938979476,0.005389172050602806,0.0070089885215055495,0.0008923461086736358,0.0028564635200159397,0.001993043900744487,0.000532468268259387,0.9703615096912188
26350,0.09773160952569301,0.011970546144414859,0.8449537719010134,0.0031680250427846028,0.01328246450777354,0.0051197447048310024,0.009870891307920671,0.013902946865568928
18496,0.7710943091249141,0.02413104682485604,0.0698062914353103,0.02210085142965406,0.025773010424614294,0.023636006347334114,0.00913459601735522,0.05432388839596204
11059,0.318388017364879,0.07854148050670003,0.30978716724008004,0.008461242976229891,0.2021204983984461,0.008742024825402843,0.01659311149158527,0.05736645719667692
3724,0.19071928021699253,0.035633661240544484,0.24924835586411243,0.15961185519122317,0.138999794734223,0.1952953579114246,0.014541443175497985,0.01595025166598174
23381,0.8412059905424325,0.0035409132567601124,0.1114658141997354,0.0021307138582893257,0.017064177001719586,0.02027287127395256,0.0014652621640988753,0.002854257703011709
21234,0.88299189769271,0.00876758239971798,0.062201099865012315,0.01020238333657605,0.008276610470666971,0.007776441632474868,0.0087832782780625,0.011000706324779369
938,0.007689850957776441,0.6386370357989676,0.015152665646173458,0.011074476705301619,0.004882371283510102,0.015666407562271112,0.003437503249848799,0.3034596887961509
4334,0.20706051575386392,0.043487170389325765,0.6317207969785088,0.011087158006622909,0.015902374785568486,0.04400943649890711,0.008156232820875768,0.0385763147663272
4069,0.10593988592926291,0.19835172973405088,0.5314708399250094,0.008054687129645193,0.017719288965800134,0.04398613782302882,0.011174021298586584,0.08330340919461607
24307,0.3186546546885858,0.13027540223066117,0.08416617287758171,0.07812109773358858,0.07024298616657618,0.016326662597278673,0.2064606302870713,0.09575239341865664
22936,0.6701331376811085,0.01850503576283107,0.08907269103028047,0.01588872179357124,0.0773986784773274,0.09330499013692845,0.006364917213609797,0.029331827904343154
25232,0.5470710162856298,0.06512853430930424,0.11790698814349922,0.05532264209639894,0.023244557538231386,0.013877340217686827,0.00875034855811933,0.16869857285113016
15502,0.8098001968921169,0.011292890025406555,0.07682359022080475,0.009855528470005882,0.018548292148938165,0.017803369429216252,0.011258323782391111,0.044617809031120385
19844,0.11557577030042467,0.1229067315902228,0.5774528609182908,0.014060822709767737,0.056810315841706566,0.057564027184757255,0.009858213331862828,0.045771258122967326
18653,0.1668876111023968,0.0058583030910837105,0.7813633111859166,0.007826378271964553,0.020520889502752212,0.004281112524626376,0.004808309144510958,0.008454085176748718
4301,0.08301567426316736,0.3109548215220822,0.0730843921724948,0.01966531045471047,0.006213176076132649,0.08851913905674662,0.0048728821349823094,0.4136746043196835
7442,0.105882299723944,0.11846076301199335,0.3167769286518687,0.11252889449149343,0.17621318940320546,0.06572429903901938,0.019657505951500714,0.08475611972697501
20280,0.7183103521156119,0.017135759269223002,0.017073401708131028,0.010798123485335123,0.012675941066862772,0.005418032893020842,0.005009693284957014,0.21357869617685832
16866,0.36852601669499385,0.05054910090716784,0.21475063286339316,0.03944204888752539,0.02707202723539985,0.10131270145128557,0.014770176652480793,0.18357729530775346
6461,0.17239824782019172,0.006491380190384064,0.7694036587672912,0.002877745994396443,0.008984014032999713,0.014270716528265956,0.009200631957317507,0.016373604709153507
8166,0.1039681249406087,0.006938655034806798,0.84780497951621,0.0011202665465688518,0.014219456849008681,0.0040257746381535415,0.007842382382580775,0.014080360092062493
10390,0.7075131887598153,0.017555640387131637,0.16495063790633763,0.014069326301139322,0.012026008138924606,0.050393985069759735,0.004013477284385999,0.029477736152505804
22095,0.055839118631020486,0.030651388586901668,0.8047059771728053,0.0038323459047551684,0.008849417188608214,0.07436581203707693,0.004724987038061249,0.017030953440770935
24640,0.01049094635926177,0.7684693052269007,0.03521881566436472,0.0032434499858183573,0.012701017483834464,0.005773316491306412,0.002774595223050811,0.16132855356546255
24001,0.01513263344573185,0.0049803951356978205,0.003677916749253778,0.000822842556684152,0.001919735614448018,0.002229665855394269,0.0004405930427991725,0.9707962175999909
21211,0.31397138263848123,0.18824850849523964,0.15812537820012254,0.006304102985396966,0.02962417985514808,0.017080404043058252,0.04245772830621113,0.24418831547634212
15052,0.3779734319983976,0.08206034629164101,0.05889142211667643,0.035050352842154686,0.013754627964534815,0.35528719127197395,0.008149717096911072,0.06883291041771049
18884,0.8837120413039505,0.009716971955151001,0.0566757597307842,0.006599788869820808,0.004902249563267198,0.004041608397262257,0.011804692220810604,0.0225468879589533
15944,0.316748469717414,0.033716603332421526,0.16497067247581018,0.011185595189944116,0.05804289704529284,0.09159585245885428,0.006177065929450618,0.3175628438508125
15267,0.11715405097253866,0.009949635777353576,0.061400268767079505,0.014215339079685852,0.014639319311895719,0.7751930440490589,0.0030665910777667033,0.004381750964621168
18620,0.6361524939845007,0.009568382208932507,0.25247350330997953,0.05430981230952131,0.014161129682586602,0.005363364349704618,0.003421161483695196,0.024550152671079517
11754,0.2800962395298361,0.050987399097092254,0.44976188343442103,0.00812023413122324,0.04169354139215602,0.022558547209955527,0.01542179658703077,0.1313603586182851
17346,0.44523239937245296,0.047343560496724044,0.1477087269359983,0.00773932557255093,0.08236818219380077,0.2142956546472778,0.0038831377696988086,0.051429013011496404
16845,0.4128236879843861,0.027355280936882293,0.07651209921874023,0.009506448003960003,0.06642361987316224,0.3834215900506684,0.003353960888741639,0.020603313043458964
13326,0.64191569123578,0.04490933459613054,0.11689992712840336,0.016134594850797684,0.03963494265988546,0.01696171611366348,0.006814549276313752,0.116729244139026
12083,0.8991690457181043,0.00596051931252516,0.02486623622238167,0.002373606553881817,0.0023602930058206325,0.001208166869965512,0.008486119103994934,0.05557601321332605
11926,0.010637759113477875,0.024444549099367673,0.0029477575967253966,0.0004235142137143349,0.0028496799999800982,0.0009980695863516691,0.0003062479067492659,0.9573924224836337
23745,0.8198871023252632,0.005090211277078959,0.018144390369741435,0.005855993626024482,0.008295356540276192,0.09685703864920749,0.003359607228554745,0.04251029998385335
