Host,business/finance,education/research,entertainment,health/medical,news/press,politics/government/law,sports,tech/science
27997,0.12204738918218354,0.47560133131790056,0.28330676076643707,0.005785006843042685,0.020906389080785338,0.016477503981863286,0.015433551828525969,0.06044206699926148
9316,0.12148042327958143,0.05280046327858455,0.6713870745097292,0.00646314284296284,0.02138517015741288,0.021573100547933502,0.029779673362903096,0.07513095202089246
27045,0.7947309574993053,0.007301436780582554,0.16490920960003014,0.00584827212220187,0.00996523042210779,0.002957310463551651,0.009464133049646172,0.0048234500625743745
19805,0.01613513810285671,0.008502707001654947,0.006871699506446442,0.9280170133835755,0.00525780671608691,0.01627602144934301,0.0030056715225904424,0.0159339423174461
26580,0.039367437272800135,0.14618661781636813,0.3059427650728693,0.012137992781914582,0.11563408340387425,0.08796421724886389,0.005402569055771668,0.287364317347538
16886,0.06324546936673817,0.02121604044487601,0.7905397392700956,0.007511362756675202,0.0287659604355525,0.015789940740513608,0.007273703691384837,0.06565778329416415
27931,0.2628692553910806,0.04385585699275109,0.5637840918498526,0.008026535155707415,0.018477226268993938,0.05392637922342206,0.017853955260529113,0.031206699857663233
8977,0.16334129740432,0.10154294982927352,0.39732005413793353,0.09252724945492799,0.04013429450539615,0.06407266246120999,0.03017591433933114,0.11088557786760773
20285,0.03606900618778547,0.019875277801828056,0.3234622042840433,0.013995241307620124,0.014396808443380697,0.02008598226773023,0.5566061916382243,0.015509288069387842
2427,0.16519449535913502,0.2875753333147066,0.20463106729373828,0.015824604542507083,0.01258162540464775,0.018953646231827864,0.014822487735750978,0.2804167401176865
1324,0.2822031570129698,0.011868203358881772,0.6373431018114563,0.007207248015505176,0.006436765338350354,0.023714755762876457,0.011000985596565512,0.020225783103394658
25006,0.457700830031991,0.07453827012863823,0.1688160168209746,0.023110846416680736,0.012339023799145013,0.11302239674061665,0.025769338941592206,0.12470327712036144
13134,0.614866971211236,0.007070008639596031,0.027082921642122004,0.030647042867912495,0.010600742195319767,0.29682638930944305,0.003475699200338082,0.00943022493403253
11834,0.8657190608986636,0.006693063445756945,0.09059484356623357,0.00987572790868088,0.005865865193775075,0.005613128425360617,0.006503753782422344,0.00913455677910705
19930,0.5607724518846615,0.10563048910362774,0.08147707217529951,0.03885725017372947,0.02492824106645389,0.10378002478896638,0.029599559796429798,0.054954911010831616
12212,0.4109531681856337,0.010812169751739271,0.31299869633760324,0.03369724582294146,0.15678138253767443,0.018749189007571773,0.0081957550632919,0.047812393293544336
14062,0.01699316138422584,0.003959451979941557,0.007817955034713333,0.0011496616163995143,0.018915956707316908,0.0015547322373020494,0.0014526931104868637,0.9481563879296138
18965,0.2214756802419148,0.04670995414944665,0.3856840949622059,0.004867004767033117,0.028317591702464368,0.21414539479401856,0.0027840644485741,0.09601621493434252
10744,0.5281693558046302,0.04927037116689716,0.18397796130108152,0.0663432732808731,0.014251617677325553,0.03509871634354987,0.013772628251542048,0.10911607617410055
20664,0.10411899415773038,0.03470529329712024,0.4170176515837888,0.013981853576651023,0.012939968698532677,0.014545171024717075,0.38441862084230777,0.018272446819152022
17021,0.31635376688001415,0.012725336774690848,0.09684064275151891,0.006800731674419871,0.10125702509751527,0.01021823100030138,0.011877949428787702,0.4439263163927518
8212,0.5256578165857562,0.02234061578194327,0.3640639394146098,0.006277275393086164,0.013848174726164387,0.013690463157199552,0.015704245849225813,0.03841746909201493
20736,0.5025144400374826,0.0297213290112973,0.2017917783520456,0.06115995339202045,0.06205705622880865,0.04987925463029801,0.06691242066157624,0.025963767686471198
11963,0.1564386157277653,0.05936799747735458,0.6540210657091244,0.0069369912996545356,0.032660345892297236,0.016583832061593196,0.0049787292496674745,0.06901242258254316
12970,0.41051782067280335,0.1257499612273328,0.1785026791580179,0.02460889692474246,0.04317486433818648,0.030064848706407042,0.0032150306857976502,0.18416589828671226
19053,0.8056711551988339,0.008087404761328153,0.12202535833314318,0.004242754056451982,0.01720555736284174,0.00645026607058702,0.005940391196072108,0.03037711302074175
20877,0.005870079581586865,0.001186418868991456,0.012523307946946215,0.0009019107885087259,0.0008412250422446081,0.9769553651025671,0.00046310059961350716,0.0012585920695416543
6688,0.28014731602608894,0.02229629591609166,0.1814486103314724,0.010008452405768796,0.1922738968585921,0.03126337426367061,0.25520866911962076,0.02735338507869462
1485,0.04214432521237236,0.0056180987075570175,0.34056811702954576,0.00294766413677171,0.0043034984691476385,0.5992655375098542,0.0020452397399733217,0.003107519194778021
9915,0.010983236810573765,0.016987219319835694,0.9587384599804678,0.004391189028900341,0.0012708539063602331,0.00217499446929058,0.001085639412539181,0.004368407072032495
2785,0.16350988855218618,0.025904263124949006,0.6405202280431781,0.011285225712502449,0.06140815098069248,0.013522600553404684,0.03781911247275724,0.0460305305603298
20128,0.07218166386744024,0.6325957661851461,0.058914294632971535,0.011429815920720841,0.011861914871585529,0.04991629143073605,0.005036481048057188,0.1580637720433424
12295,0.8121128722047386,0.028325737473082282,0.04213054124657908,0.0046066031468398345,0.013732351314922585,0.03804219337555469,0.0035651207551200474,0.05748458048316286
14567,0.2465013239539151,0.06658665127745252,0.5039110103039487,0.02047014962830486,0.016707000758395856,0.045301267452083564,0.013985353193687855,0.0865372434322115
25052,0.3781389382518288,0.00847220139967218,0.5499088690593811,0.005338594060045675,0.0030949511281405597,0.011693057130208144,0.004775783670321856,0.03857760530040166
25689,0.8500692301966111,0.014358763115623948,0.03191825984973149,0.03538139988980962,0.015525950560661379,0.04171865381156767,0.006078486730969654,0.0049492558450251
18873,0.029224322894137914,0.6360770373640535,0.25687861514549676,0.0035800574617837087,0.022519014303579762,0.007980362495243573,0.009688252805566795,0.034052337530137956
18451,0.020312512333917874,0.06683232347350544,0.5806276629057532,0.004746086136715563,0.014545963701160779,0.014198271073903325,0.003730417344869655,0.2950067630301742
8422,0.6987487957962355,0.02683391082034221,0.10661941965275801,0.014730554675593189,0.02537978460481838,0.015073962259464557,0.013655388544495491,0.0989581836462927
9199,0.006833833732392659,0.004287940651462981,0.007532233689889303,0.001230479520987131,0.025243651951215598,0.00257663961431745,0.003199417770255345,0.9490958030694796
9941,0.15795722255341813,0.017431416447086803,0.062169505088161596,0.0036829538168595423,0.008188542531932632,0.004403052506720933,0.011750159575762366,0.734417147480058
20517,0.14243354910709005,0.005914948105988566,0.8267891280012436,0.004404767349285798,0.006004558942099004,0.004353935350367805,0.004066820840170761,0.006032292303754385
12718,0.3636932627786334,0.46056687557293835,0.036891478447782074,0.004582999833445066,0.026325412882451035,0.008006920681169321,0.03204218179914345,0.06789086800443728
1681,0.6699848556419077,0.04409446058513659,0.17978558156692995,0.01316980660556044,0.031022841714190123,0.01887788320044222,0.013135480698947592,0.029929089986885486
4828,0.015155471272521216,0.5980084080498992,0.013050190818424307,0.015181165713752425,0.007347406696602878,0.06845902906254389,0.0038566939632846595,0.2789416344229715
22986,0.8501085246509241,0.001146631672399311,0.01103519559127635,0.005313167410057075,0.0027437319928886876,0.008948595812481105,0.002604628447941032,0.11809952442203214
423,0.3897145963623086,0.013847041300495952,0.5660678461380242,0.0022528437499290555,0.007256636828255,0.0034730970130672544,0.006263229546236243,0.011124709061683837
19294,0.35269928894046393,0.018375564621772637,0.5551048040086725,0.012352180651106028,0.035030890692070195,0.009373211496229973,0.0036495461066078554,0.013414513483076894
6354,0.05800401119906184,0.0254260890105033,0.29141035407817095,0.030633830471952592,0.3766779677484423,0.16613099737672962,0.007611082966175324,0.04410566714896401
4086,0.44525247175122995,0.03568325753065135,0.35153459380334534,0.006103321731879165,0.014226983050284935,0.015131889775125765,0.019526504189843284,0.11254097816764007
3146,0.9214530320319217,0.013025986060582365,0.018361071718317825,0.002483614983139537,0.010217392974661161,0.004835982157566824,0.010026466972743535,0.019596453101067068
8759,0.22147568024191513,0.046709954149446564,0.3856840949622059,0.004867004767033121,0.028317591702464368,0.2141453947940183,0.0027840644485741025,0.09601621493434251
1358,0.6599104282727712,0.007934907104948432,0.21077451173966605,0.007781345612841699,0.08441462281963866,0.010264517006607512,0.011105987380380511,0.007813680063145903
8466,0.06407039659568922,0.01076672958050205,0.02420570127466955,0.006201256883555875,0.007087438406952105,0.8748613857998502,0.0013391435057247074,0.011467947953056301
12664,0.3852227837670325,0.01838935192701232,0.34936402445343123,0.007169693575583623,0.01591533542522615,0.011149463409332643,0.00891872070299928,0.20387062673938225
13113,0.5585694195912413,0.07005447419365,0.06808417902337384,0.013499311278360397,0.01899576727435435,0.23587678130226075,0.014492825766587952,0.02042724157017132
24532,0.8519162435356081,0.009823530502849528,0.1083757661578144,0.006586517686221521,0.004995702180074536,0.0037010064621192983,0.004950219059884746,0.009651014415427695
26881,0.37926838897215837,0.07769145686504488,0.24710395881524194,0.022811537484783137,0.053078701284388886,0.16111523383840504,0.0073424126819164395,0.05158831005806133
20970,0.2519849803355586,0.064969865577546,0.26351772731587164,0.03003828736329281,0.02256819500818868,0.30839257328770137,0.008979101943757244,0.04954926916808359
5951,0.4618931136876729,0.007006965024537956,0.28851185708825655,0.005570162065678568,0.007495521266308098,0.19591785842323864,0.0055315970398368735,0.02807292540447039
2547,0.00525400980364899,0.013166535283416983,0.9705084789835267,0.004166111738686882,0.0011379005863511049,0.0015544622696514283,0.001103189889096443,0.003109311445621428
254,0.7838279319728144,0.009564824415125872,0.1383423869765426,0.005794241875701297,0.018284244733024122,0.01906879231863435,0.012623298820011477,0.012494278888145674
9824,0.7529218374926842,0.006375116769434316,0.19671667398641585,0.00284023296664337,0.01138055771446265,0.004620677027271196,0.012225832382694124,0.01291907166039431
27314,0.2735012898732868,0.2517061005413269,0.04524089726309558,0.015439920152019055,0.028346036664713407,0.04687770853301597,0.00795320486319909,0.3309348421093431
13643,0.43614622705241474,0.059951987598822726,0.18111817400771926,0.037554189056847695,0.035281099734297765,0.020839884229414844,0.013338682430406765,0.21576975589007608
7998,0.6093713708598435,0.022194474090474117,0.14312979758916708,0.026014279901162316,0.04045367948253981,0.08385664104753691,0.004570024220274628,0.07040973280900159
6742,0.8403594877928734,0.014605242602395305,0.09752133166409882,0.016238853704547255,0.011024555456666484,0.008036117163287426,0.0060502868790018,0.006164124737129313
25525,0.597099864293634,0.00926665135643277,0.18828608454934026,0.015284907296362515,0.02167213779043928,0.027788930289989716,0.005774777581581788,0.13482664684221954
26065,0.09643734881783646,0.5502634353980898,0.0397994059050891,0.011634761603471749,0.058927938988618304,0.07529303002059241,0.007064407077001024,0.16057967218930125
997,0.014160560319440744,0.6790747920774737,0.05882274486200591,0.004614172010078857,0.010747479038423106,0.015126788576409382,0.0055703955254123695,0.2118830675907559
12263,0.8585907951072299,0.03180710015498484,0.021849812500256586,0.00263724713274954,0.014772202513676379,0.0034550042004076946,0.008711833251399697,0.0581760051392955
61,0.12837929255454572,0.056686414992775915,0.36459185406061595,0.024432922368275923,0.13508327782197274,0.10374779643406816,0.009958413209593711,0.17712002855815198
25885,0.007055960357327568,0.001988130479423622,0.006086292453724186,0.000583361644667495,0.00838400836751963,0.0010325186449999912,0.0013145474091616584,0.9735551806431758
2671,0.3936260871209305,0.05386830114102469,0.16538695663405706,0.04967277334387674,0.021332144090109743,0.2706683197415944,0.01944765412652226,0.025997763801884607
10244,0.17894713823590633,0.007827071107482,0.6837391208039351,0.015118078386193574,0.04975003258782895,0.03910312574829127,0.007920232661916656,0.01759520046844617
11011,0.8395713655589203,0.019836513079820036,0.031197421942928145,0.013866000573975638,0.006507037806935654,0.05906492509769395,0.0034531259260333976,0.02650361001369287
346,0.04037791646626675,0.03362030210513854,0.8563981696996724,0.007397991975682815,0.0430023984583898,0.005109699159519705,0.00492673469246428,0.009166787442865575
21405,0.1555580146335011,0.0550183195417621,0.6414414971179297,0.016262556919271542,0.02746053521806346,0.04763628260545283,0.007323991628662336,0.04929880233535685
20226,0.21331356638686808,0.19681372475447112,0.19649647630656206,0.03346313513982201,0.021665858648580345,0.0693139137902803,0.006036493867627504,0.26289683110578854
24838,0.3245824457760807,0.018918314562542456,0.5719250479647734,0.016165601443334187,0.012742825073422802,0.008896085926832543,0.011452503427509277,0.035317175825504685
5742,0.0878836604976218,0.17024708526233778,0.5975883597710571,0.006899475326363584,0.04526049233121762,0.027170886934886694,0.011396042730796275,0.05355399714571905
4758,0.2110289455735156,0.05858207057269243,0.4502880699993221,0.03247800056122913,0.03506855960940086,0.11670927509433224,0.0551352927762867,0.04070978581322094
15401,0.8975621496908555,0.003552552418961401,0.06044769236957041,0.002010666470907442,0.0057354242045161465,0.0017786106934039906,0.0027613260403080526,0.02615157811147696
10797,0.5745431993381697,0.01902954796168036,0.10623169884321317,0.004811973780020362,0.010055158927365129,0.008361275036717176,0.01250444246909252,0.26446270364374164
21942,0.023913652714338745,0.03561144194904502,0.051393040907745186,0.7917873551206702,0.02672062852142342,0.035666812147818076,0.009240588720335438,0.025666479918623916
23539,0.7615371210141523,0.0055677951299667105,0.1329722507994551,0.007349761350880422,0.013331364946026252,0.05824191691554301,0.007622623718758115,0.013377166125218082
4098,0.05578725061448069,0.2633374815746775,0.33951124612323574,0.01587447478287984,0.04123766088429978,0.05050953676832255,0.008689857245907352,0.22505249200619662
18289,0.48035659305866407,0.1051056733457492,0.25628233160901415,0.03147412483549774,0.05858255308076476,0.03320794130753702,0.012101066170830071,0.02288971659194291
15969,0.0477182698466795,0.005595485277275294,0.9270134853762068,0.002870936213783036,0.005186902018650037,0.001947756820158644,0.002295098412729491,0.007372066034517185
3905,0.045010245903426185,0.19327244150643602,0.06906640382885829,0.327898633477781,0.05651232671650306,0.03022092245190555,0.013604211048359767,0.2644148150667302
21989,0.1099091022313188,0.07520259971136334,0.6928846955177773,0.01606872744127066,0.010066787959381868,0.025694502874715777,0.040771882553721085,0.029401701710451214
26547,0.4686050811360119,0.007206680667603549,0.47394002541750146,0.00909293798888835,0.010943389799878127,0.012757206709473496,0.002757343338723714,0.014697334941919528
25153,0.27046339422305654,0.024494339854299975,0.17893521132603296,0.008192128794823119,0.3799799634618889,0.07487802413311476,0.04992418316271813,0.013132755044065594
9706,0.05947997617489711,0.01429112027094874,0.8629036740270458,0.00654925848172078,0.03015168857762269,0.00633544188152123,0.00421637596901563,0.016072464617228024
11655,0.48456204381223683,0.027417953152139973,0.31158733379076914,0.012812273033652897,0.007148556758840319,0.036221154242660474,0.010445022925565452,0.10980566228413477
10887,0.592824896278807,0.11096195129003035,0.11899392807199105,0.013127184195377183,0.0196942576594977,0.0512490019530412,0.0111987666023286,0.08195001394892704
19087,0.0667958169073416,0.03170064659623734,0.5117546301675885,0.008113835693447941,0.007821202651671532,0.01856947124950804,0.007496245974935188,0.3477481507592698
22570,0.931420469376449,0.004743296079248844,0.05420834103775487,0.0016497063820925437,0.001378621634680109,0.0014952576632625142,0.00278829988294469,0.002316007943567588
16588,0.8040672601787008,0.004865074531491895,0.04296681354085683,0.0052675675409675346,0.09592870876375979,0.03518611367703168,0.003950612260882835,0.007767849506308606
19524,0.31927943487154614,0.0602291373011171,0.13336474074521756,0.150895883373336,0.09652034456742438,0.07224065452844515,0.01019938962304806,0.15727041498986558
27327,0.075952131093481,0.6009088109066217,0.1802953216945883,0.011735684693789342,0.02704749994662251,0.013167491527421029,0.007035689164118198,0.08385737097335785
9802,0.08400747796437055,0.1036725723415939,0.17897880889338671,0.21431616102280393,0.02544522308204949,0.32514393352157933,0.012870362802746707,0.05556546037146938
15658,0.0742480650952637,0.4745034445468923,0.028413520487407543,0.0091160638281508,0.008957075813627242,0.005091156670848946,0.004160747229286963,0.39550992632852255
26686,0.8231106238561651,0.009790966092037194,0.1305048893417065,0.012365083632431677,0.004927608792719768,0.006083191374551464,0.003758553106505937,0.00945908380388233
27649,0.052759696633017425,0.4522175839466185,0.3961559694087268,0.004297738342557574,0.010082447037772224,0.04681763119692545,0.0063957925202250765,0.031273140914156936
21404,0.15562034224092416,0.3458859715962838,0.08002074556413208,0.00949069944991852,0.005058019081090415,0.19368170428913192,0.11145988508202831,0.09878263269649082
4928,0.22853444906588793,0.5189037151798135,0.07984930928552976,0.00822766130771562,0.010106867718369286,0.021798810196858167,0.014961983571164982,0.11761720367466079
8701,0.018262217871711207,0.019654466609252443,0.02428521057452913,0.826953475134998,0.006867193949803547,0.08527193420512652,0.0032565926811076186,0.015448908973471625
9444,0.04514002257243837,0.029006540968083666,0.7414730988084578,0.009161767414858467,0.09603499990932877,0.008139783332522967,0.02065856069831043,0.05038522629599959
21570,0.2098558980371331,0.10108266745024312,0.2792213259336301,0.30327940398609776,0.022967046042552758,0.020043714034765417,0.018061845921084584,0.04548809859449311
6154,0.01959120022268514,0.006115070359208097,0.011248371071088158,0.0008221314080734762,0.01673914163538415,0.0020973635599713385,0.001610572149103521,0.9417761495944861
10861,0.41051782067280335,0.1257499612273328,0.1785026791580179,0.02460889692474246,0.04317486433818648,0.030064848706407042,0.0032150306857976502,0.18416589828671226
10233,0.11736753340047516,0.04647410155035896,0.5133762440352713,0.09367328462681779,0.0622966867373224,0.11155767437276846,0.012749955325217104,0.04250451995176886
6066,0.4730656312121111,0.06586473019406038,0.14305395976123825,0.04558356911459145,0.02715741633117119,0.18933302421757,0.019227396880639902,0.0367142722886177
18155,0.031520073170614386,0.03059503257682062,0.36464547510352036,0.25201228581174495,0.018507398843709194,0.08281277849244574,0.011326323349793955,0.2085806326513507
6871,0.6464323036269113,0.018970726182636885,0.2263240486881595,0.008423905775573053,0.024170350431606383,0.03616441256366288,0.011381989138721255,0.028132263592728655
3553,0.04000549764445977,0.07142050296363787,0.7454561631811738,0.009058326346224735,0.033797891238567176,0.021059314726912467,0.0033338108741079488,0.07586849302491618
16463,0.5102763542013368,0.03233809359235201,0.16799111493262614,0.02039218468559097,0.012472930041761178,0.03944406775744098,0.01163139039090141,0.20545386439799054
25967,0.08490221701772709,0.01532222622289242,0.0357383771650297,0.0014334121376988335,0.00575339060200716,0.001756133947753179,0.007007430523576106,0.8480868123833156
15172,0.942236149315961,0.004857088809001418,0.019165015534048126,0.003065146091549989,0.0032894147533217527,0.0043210531415121475,0.0020833591292317693,0.02098277322537385
2591,0.12055395131851004,0.024903109511843966,0.7779117782729309,0.00533482137833075,0.030721100740709193,0.010838693155458271,0.018754213387959646,0.010982332234257292
12863,0.4745473535504891,0.035799102138386364,0.17369859244636768,0.016058695273237483,0.009108463863327592,0.03522308964378055,0.009952731973032066,0.2456119711113791
8090,0.024811666464713257,0.005637155735527943,0.01882622960896735,0.004368394856435137,0.003614479003065504,0.9388071071094904,0.0012546196828653478,0.0026803475389351435
21348,0.03881194633014043,0.3231212674282454,0.12004713248698785,0.04326802684906692,0.01345042021364626,0.025517238903648987,0.006938907030644543,0.42884506075761947
21588,0.2019610161327427,0.046089674168908024,0.6155703563534802,0.017213318014323402,0.015772518640586305,0.032980280816745214,0.021712276295836337,0.04870055957737787
23497,0.660494173682125,0.014607036094249041,0.1908893116990369,0.018105043832751667,0.05044031634367643,0.027728115798546962,0.009505239489449889,0.02823076306016416
11245,0.8581600687859667,0.017233036922334282,0.06327884210127367,0.004626957371774696,0.008737925501349386,0.006273169710500793,0.012871994101610218,0.028818005505190293
19097,0.4041638290941994,0.0158109330898595,0.28223464365841455,0.00375682372148641,0.013840827578675682,0.0038586068727765096,0.012643212584821518,0.2636911233997663
9062,0.07136920764888158,0.1502731685030473,0.3560582320591015,0.013008097545585379,0.022767627389251126,0.31879614593827127,0.016256696606121942,0.05147082430973988
11896,0.12404443112715874,0.012255496640442861,0.7541843657361802,0.008953874765408001,0.015281875755594435,0.0637756571984945,0.014762915424306163,0.006741383352415036
11336,0.05968665731440912,0.0026377170414476256,0.9137666820257693,0.001271986068934684,0.010419249731850157,0.00234726034921591,0.004074119572116095,0.005796327896257299
14563,0.3102834351680322,0.043538762698050154,0.5296198865545548,0.015270733708066107,0.010545142645797388,0.03681796968240184,0.030260935965732316,0.023663133577365245
7410,0.8371745475037374,0.004883943684189906,0.012730326195852291,0.0038647104261657805,0.00889026776570055,0.12085113060998161,0.0018512632298425162,0.009753810584529772
19408,0.24983960722068105,0.034864095651226015,0.09057305288473722,0.01245044154580865,0.2265673691948031,0.09189405627775843,0.008001550444927143,0.28580982678005845
2586,0.7487334378679587,0.013808458541389236,0.027507462095883957,0.005139176822723526,0.009630451880326407,0.012681853980411445,0.009983613569586238,0.1725155452417205
15151,0.025604085455241694,0.020031469948918867,0.3316901026087867,0.007360198704202857,0.006521139229243079,0.013429515497262774,0.007986510521446938,0.5873769780348971
3504,0.11698062515602907,0.2020621754353651,0.12365568183068987,0.010982388459600216,0.020155505326862493,0.0179311215178275,0.03034332086909738,0.4778891814045285
10419,0.10022780106442229,0.0783521547667909,0.08571497891847142,0.31431547821468026,0.045479143767908695,0.14544828239466545,0.006516566206955808,0.22394559466610517
17618,0.3730518198446604,0.057149453796143494,0.32176498599366604,0.007919283438443102,0.03161489850096835,0.014395896876211274,0.014672357309651492,0.17943130424025586
13560,0.2857687071931662,0.032296051368589124,0.4616641850173619,0.020573401387293463,0.010799001434649428,0.04485143958191534,0.019639044443379036,0.12440816957364567
13984,0.01669397270669268,0.2606237622917774,0.013967226069413948,0.004803351572604322,0.007335023428166811,0.6363532436797651,0.0018403733502401194,0.05838304690133956
9819,0.08360199348585658,0.19363085384425807,0.01103088258024431,0.0024801235081856336,0.011611167979595832,0.0037475893843291275,0.0035920166808045646,0.6903053725367259
23949,0.1536360823363821,0.020713232929303826,0.7181160903183089,0.006272476379468,0.031174206790020993,0.010073209640685626,0.00784768850856259,0.052167013097267914
15002,0.060381211528375785,0.15090716348070235,0.31231429175988096,0.06728624507280154,0.1028670871766414,0.022664511566833852,0.006277195041033966,0.2773022943737301
3875,0.025657760487219117,0.042044679298075135,0.7166379088231689,0.01983703239034044,0.03435590134476902,0.041849465853699155,0.011612950694921985,0.10800430110780627
26471,0.14503981289002818,0.0856416287930719,0.4708208473652399,0.0499774534075284,0.029586327059898866,0.08730354776191102,0.013705299031798882,0.11792508369052286
19885,0.24907737375037473,0.12505995505238743,0.35645719571815704,0.03400437103999847,0.01861264704581175,0.08393525002299036,0.0335026814154315,0.09935052595484875
5756,0.38374486393722773,0.0295632924215541,0.153141772754726,0.2910963995915154,0.035388701184499244,0.0702295303659052,0.013053394276360568,0.02378204546821182
18070,0.08204812660916187,0.0353129671071779,0.5057341880997723,0.014000354117133636,0.033052574982422825,0.29881813052798534,0.01103973182673419,0.019993926729611908
6783,0.012180235232324836,0.0010849820761108118,0.975468329339379,0.000723030534274336,0.003589768558342667,0.0017146987142574457,0.00326983538150691,0.001969120163804007
15975,0.6396804836469016,0.020375531932146876,0.025540095550413252,0.015733726050348763,0.006236782543124732,0.04838784874853302,0.007315923523624143,0.2367296080049076
14779,0.8422992690974956,0.004258919695351352,0.03047424754533835,0.10647165963435135,0.0047090396221123355,0.005200534074308522,0.0024042458139161655,0.004182084517126302
19237,0.028725354472478325,0.01762460844000988,0.8919769514241183,0.01118371098549072,0.015265516062542525,0.015381045629382303,0.009077076206463234,0.010765736779514673
26473,0.3497480115652981,0.027060011990529372,0.17607540162195887,0.006517789597731768,0.059487109955839404,0.006049054157319773,0.014379576930717534,0.3606830441806051
21311,0.5600631358874949,0.0524417544102613,0.25436352923901323,0.01859717405472931,0.03362012469775146,0.015283754493239918,0.011373105743942784,0.054257421473567095
27551,0.9214760350180888,0.0035346038125694842,0.050957154599422176,0.0028465611908222517,0.0031439934938515936,0.0029680367124451123,0.010359135883291693,0.004714479289508943
2705,0.07603418256291196,0.5936185348564764,0.05764406476798462,0.02715858956146266,0.028386748689042278,0.08875039754609114,0.009718880738845359,0.11868860127718557
12514,0.20775415441513795,0.2618417301441566,0.2507896874136247,0.018760985323308887,0.01493091575039176,0.02006930069001459,0.017788951771979967,0.2080642744913855
26485,0.004443439994989165,0.002729740883427512,0.0035648362134910253,0.0006848318793666784,0.011780675420802396,0.0008988122837573964,0.0010870741547466293,0.9748105891694193
8906,0.0573917868164778,0.032625074996251044,0.07702232012261752,0.010485265810093923,0.01655614533607873,0.7919991674991534,0.0028049657134260417,0.011115273705901684
674,0.09683734305134613,0.6098006141566775,0.13271592673322666,0.006662172507089656,0.04485472401923078,0.013097943727277095,0.01736385621380746,0.07866741959134471
9391,0.7434251185931097,0.03253490682060615,0.060986328735007034,0.009705712950898346,0.006030855656068281,0.0220992749201403,0.007018479687152857,0.11819932263701734
7712,0.11075301997298025,0.035406569708943826,0.7503710408242817,0.009727743278734574,0.02071590172336074,0.029322811892823528,0.007525771060083275,0.03617714153879199
17681,0.24526067539896337,0.007175403280119807,0.6642690945675542,0.00473918831189424,0.01628975762879409,0.046117897262552096,0.008346833531820747,0.007801150018301513
15221,0.7260117147776717,0.01720025388079492,0.04514347308668856,0.009878546365681935,0.08553718720880457,0.08001051292834588,0.005355978119331915,0.03086233363268061
11436,0.8975358583702716,0.009753205967302945,0.06167851741060003,0.006319299615525534,0.003891246045044766,0.008056338363604063,0.006871733674294716,0.0058938005533563055
23356,0.16309904496262229,0.01897254074288456,0.6613599912094397,0.009497041150731009,0.017837832895942565,0.07044554798989054,0.03745364460412904,0.02133435644436037
25632,0.007751851119815589,0.0036548550795980693,0.017512209581465085,0.002005145919830341,0.0013034006702698463,0.965426977394402,0.0007483891037763798,0.0015971711308425298
11684,0.03230890999168837,0.520467961951149,0.09575417739370837,0.17722577948209528,0.014119583342240267,0.01665671592470776,0.02819554243905859,0.11527132947535247
14883,0.17272897675667417,0.16255809688118372,0.21855781394458212,0.04748660246579022,0.03163763135941268,0.27147622124903054,0.03923738781576357,0.056317269527563024
20302,0.10354264460007574,0.2068315778077679,0.2574480238315422,0.10095032536562394,0.059169331264721986,0.03857924535126669,0.009528737965147829,0.22395011381385363
21899,0.07463456316387868,0.07704822575502056,0.5736224018208596,0.029000969944532145,0.07126239071939303,0.046837705920789674,0.029310941126931785,0.09828280154859449
15954,0.24661468480372384,0.05802825284292478,0.2867806190185704,0.03359972114541116,0.057906379281905944,0.22100884449569333,0.01185507008269532,0.08420642832907531
16830,0.17169916473483787,0.1836424674986938,0.4422023376142031,0.02243676566440142,0.025652942612247244,0.05487839406580084,0.013510677183563052,0.08597725062625257
12111,0.23393874468427228,0.03902558358273852,0.4178133863413887,0.16843696978693487,0.028691925198952802,0.03700752628589033,0.015624231074315697,0.05946163304550684
11862,0.04687134099755006,0.6403248897773266,0.07560730680223744,0.024182166706902056,0.00932064361374445,0.06635382698238229,0.007050096638924916,0.13028972848093218
26342,0.71663714087646,0.005683596532924731,0.23658459523346517,0.0028667598285990283,0.010025979431551013,0.00653796540478088,0.00685768373894152,0.014806278953277652
11683,0.9142072757833032,0.014483803369070103,0.020064258825747836,0.010867323422660608,0.008955719321135982,0.018506089458783574,0.0031013230772633607,0.009814206742035347
20741,0.017020658384231835,0.4627523457160659,0.027971674914417863,0.0042660273173109695,0.004937308236813696,0.009878144514215979,0.004284026112287022,0.46888981480465686
3927,0.01923890305142784,0.5530911293315559,0.02013307140444815,0.008291289752410409,0.00977686020970072,0.07573409270208115,0.0027921764993807004,0.3109424770489952
17864,0.8483113593267696,0.007178981605508848,0.03688790991925659,0.008918268633499015,0.008163171144957035,0.003478645603941392,0.004131431266582465,0.08293023249948499
21896,0.003424952268583212,0.8688996542147521,0.0043545658740739455,0.009094920794942292,0.002435518239975862,0.00488958447625105,0.0020469168047825693,0.10485388732663894
13268,0.23889568980922496,0.025602652114916722,0.3182639426446776,0.021152236854595184,0.12827463421733973,0.02808184030264698,0.1859022152584712,0.05382678879812766
2521,0.16829028023280135,0.014399352457842853,0.7176133952793536,0.009369631281350122,0.019120001170138817,0.016468361520839456,0.0203917290697637,0.03434724898791005
27553,0.12212089833932085,0.0387168253918525,0.09731923848726673,0.010622576055460492,0.26242640047051297,0.39833130824755597,0.012630665763007358,0.05783208724502313
7341,0.6850593200386255,0.009090353169282037,0.2635802282347097,0.01622043175993823,0.0050266460566963204,0.00395993997560961,0.004281568553660135,0.012781512211478498
17027,0.16653576029128195,0.10082961258682514,0.18792816223280687,0.03491012119786958,0.08502915676771802,0.11100077922647762,0.023928825329062643,0.2898375823679581
23178,0.04694263286986999,0.18673081284450363,0.5805264105520103,0.021168909116073747,0.03874363944793203,0.08640515597779332,0.010453189670410054,0.029029249521407067
17738,0.031991957995990083,0.06079157001792395,0.017857423048722593,0.019437680670828184,0.006180804296612353,0.8405938677529553,0.002484538174184623,0.02066215804278292
148,0.8735006345505087,0.01245293288511482,0.0617930906272954,0.00402502711544286,0.006352316112852247,0.01479010322697417,0.009657837972699144,0.017428057509112603
9508,0.017172228403969248,0.008921289172661906,0.9576260248704291,0.0028853624430314646,0.004840765336940342,0.0021322198365477706,0.002242526616249656,0.004179583320170454
10373,0.13764982906017917,0.024249859139923974,0.38989109615069445,0.01685551630875012,0.039582318256743236,0.02463521963808668,0.007705771197824727,0.3594303902477977
25597,0.0325152546530234,0.03870157665102091,0.8586582342268968,0.011469455082148403,0.02460681958927339,0.013466532972040443,0.008720395748776193,0.011861731076820594
16300,0.17396852496330986,0.07456511763595629,0.07595658521992019,0.03701814329254106,0.03326815482948176,0.1713472200362049,0.012396471155309443,0.42147978286727666
27369,0.18196559784693422,0.4369279754141677,0.19882835295753076,0.01543457736108225,0.016076057355475813,0.024705267606078204,0.015855093694628463,0.11020707776410252
23931,0.4252081640739353,0.04303083933994253,0.13579631880995593,0.024062380120089433,0.020683056820656444,0.04175653119012371,0.03603986703936072,0.273422842605936
2811,0.05693722646023577,0.04156663131677945,0.2227672753519069,0.03527616352589187,0.0429500550879237,0.5180015740553362,0.014456595436539163,0.06804447876538684
27886,0.40229220100364793,0.013283826727974521,0.5130482140918124,0.004359160154609666,0.012586768066116685,0.013920050776123882,0.0015305635760314545,0.038979215603683344
11216,0.006459664956489705,0.0018518132310809052,0.003997064056796512,0.000765923804549174,0.004648102610105919,0.0011448754172161595,0.0007095096594337908,0.980423046264328
26350,0.08206377386885802,0.012022323267448568,0.8689519351550617,0.0037157558580919025,0.011266913625197831,0.0038608350357186515,0.008967922117407278,0.009150541072215999
18496,0.7466158895541175,0.030038058944943328,0.08362630278726788,0.016925680266287237,0.014705013607718182,0.032372849648515764,0.010007809968323926,0.06570839522282625
11059,0.37677319771861967,0.0251136165807714,0.32542302467093637,0.01311817886170039,0.19390050105806592,0.016874319313649456,0.00396113513239755,0.044836026663859316
3724,0.3490170352626521,0.02893065551681738,0.2522273668718633,0.06448467822926364,0.06149966548701393,0.19655698992821147,0.016056115591610205,0.0312274931125679
23381,0.9846012426657416,0.0007268607946702756,0.004557441593853317,0.0008916192253097477,0.002055214389856654,0.004929072210457687,0.0008259873484234375,0.001412561771687344
21234,0.9433675648571702,0.005204072111353628,0.031654537568159086,0.0023790209630865015,0.005232902766417717,0.004835798384363886,0.0022522016224780046,0.0050739017269709925
938,0.012664605213483554,0.3889525486591109,0.025913064705682314,0.021202387486682867,0.009355093297274537,0.030738882918698834,0.006721606310209404,0.5044518114088576
4334,0.21867308121913664,0.05044412117547661,0.6080426754502517,0.006918181951878497,0.01773155984597605,0.04413569511631019,0.010934451042102552,0.04312023419886768
4069,0.1565352560859175,0.3698089871583138,0.2781162563198872,0.012373612122116876,0.01591932842890751,0.057831309620802525,0.01675964061225007,0.09265560965180462
24307,0.3023498254147836,0.21582609643311595,0.05515589069954139,0.1276327285134393,0.08717323116888501,0.02426623873119575,0.047293129334266,0.14030285970477308
22936,0.7394871185867771,0.013464646832134839,0.05705513697861494,0.007713479056291441,0.08052131603024162,0.07230118526845712,0.004916913031727253,0.024540204215755763
25232,0.6531544238666279,0.015693753587962867,0.08590745556724882,0.007002294124982294,0.0077709313991538255,0.008406032840475967,0.010230177835904608,0.2118349307776436
15502,0.9613163876220994,0.0035905370681968093,0.011345866961909916,0.002420484590150486,0.005209659936924747,0.0034339894291125256,0.0018433061275323745,0.010839768264073865
19844,0.18580008422124053,0.14939000824360554,0.4523396203953734,0.026218906504977442,0.059320107055878174,0.07182686307526542,0.01819620562616756,0.036908204877492065
18653,0.07556062645704113,0.009317361518004677,0.8688471909263662,0.00809665851360211,0.015414085821052506,0.0049796027429337055,0.006136552255586245,0.01164792176541347
4301,0.160415557782299,0.14981856666283733,0.027248472089867144,0.033118282830912726,0.010045268928969951,0.1752583275926044,0.009417921034999159,0.43467760307751013
7442,0.10339803035677779,0.10805901716235482,0.2764299928614606,0.1552239533248012,0.1818255636095592,0.037761721811007835,0.024629479342520445,0.11267224153151814
20280,0.785548703424841,0.00791608396747826,0.020040362954903135,0.006272237475681168,0.007639278583792499,0.007905392924811289,0.002810678519299853,0.16186726214919273
16866,0.4480554277935674,0.0823364690756559,0.10974602586868448,0.02489179880004156,0.016031244186095896,0.035959271194032943,0.007615621079138133,0.2753641420027837
6461,0.2317049647855352,0.011617362152498053,0.6835759200737817,0.005498139261727349,0.01256921347685971,0.023176007088826472,0.013316396829001024,0.018541996331770637
8166,0.07735547070842165,0.006829887229601216,0.8949330222274223,0.0016652014324159043,0.003394034136283463,0.0020426614359157075,0.0055326922323993685,0.00824703059754025
10390,0.7860433773689176,0.011378253457193812,0.10939396207261516,0.014476827723037067,0.009055733772481922,0.04808175962256376,0.002975456635265741,0.018594629347924906
22095,0.02949626201021807,0.016757838443810607,0.8643581643871158,0.005269758401534878,0.007895497842245339,0.05311436155845496,0.005424487112744644,0.017683630243875672
24640,0.007960758791108708,0.77028716727807,0.04325495058635844,0.004508642794646283,0.019270697490701205,0.0057629986251694085,0.004237263628176861,0.14471752080576894
24001,0.006578685669755219,0.001199197643281477,0.0009146307971849043,0.0003905968059490205,0.003422293000656706,0.0004854167889284445,0.00039075451353961144,0.9866184247807047
21211,0.10308236598281689,0.26757299180027977,0.1860383859723159,0.0077838145091148805,0.014978853871782766,0.014368008229195098,0.04115157060697955,0.36502400902751525
15052,0.5023932115810551,0.10494773333272983,0.05366515965650213,0.022765462773131094,0.01202564024832962,0.2475496213145042,0.007779469613138075,0.048873701480610064
18884,0.8435780488035719,0.017878720013136826,0.07008126359683661,0.008788747153825596,0.00502956332354056,0.005771666824548417,0.0069989199115110794,0.0418730703730289
15944,0.4055787254669579,0.04363259078032169,0.1879012291169017,0.016836432674117212,0.014992851281837648,0.11401665903856266,0.00861116676609552,0.20843034487520576
15267,0.18392472176738153,0.011155749534342133,0.040961289250878365,0.013957134327673655,0.01076707828412979,0.733398746908868,0.0029253176748999517,0.0029099622518267776
18620,0.7192147409025555,0.008629693050672738,0.22968055346928534,0.02109750998144461,0.004768686707087035,0.003890375817714795,0.003998211114521476,0.008720228956718461
11754,0.33259063527420196,0.03520697739519989,0.39919785768858873,0.007700901943069181,0.010927945864279708,0.026237247329290305,0.013816749470819527,0.17432168503455067
17346,0.36863746447653717,0.024552327804991118,0.24533494392816843,0.013458570552967853,0.052272808784493675,0.21283992146233016,0.007253104385857551,0.07565085860465402
16845,0.1890314727308551,0.00932073411742648,0.04181539813312784,0.010069280799389737,0.03342664401126007,0.6951196076889521,0.0031195749521226676,0.018097287566865912
13326,0.5000659305083373,0.07017416166704697,0.17410352258144152,0.018316796883409262,0.0559852274434645,0.028542637772774236,0.010365018251409374,0.14244670489211703
12083,0.975684502462488,0.0020178152571303167,0.007200604935410072,0.0016712034655857984,0.001775236949914471,0.0009728868683756656,0.0015316303517750774,0.009146119709320753
11926,0.0028476570513679554,0.0031600298960410378,0.0022757040204632022,0.0004889535357913773,0.005236073343624859,0.0007929401621019988,0.0004414013982491683,0.9847572405923604
