Host,business/finance,education/research,entertainment,health/medical,news/press,politics/government/law,sports,tech/science
27997,0.24326694156647588,0.28715206231926543,0.3122431647961661,0.00797839303888798,0.04035573619575961,0.013914971339195644,0.028028946162938335,0.06705978458131108
9316,0.0478856000207201,0.009820684302204757,0.8119752449430698,0.0007093451803902201,0.006689972187067985,0.01564409533362367,0.03998326365265158,0.06729179438027191
27045,0.5241356122337222,0.004287466756061359,0.42286679650594217,0.003509398995114376,0.02595719742391986,0.0023563505806079065,0.006895752588504853,0.009991424916127329
19805,0.15598558461733308,0.1134984001273459,0.08239404073539953,0.3739411448326336,0.019694658303059925,0.2010050310309012,0.011573534523309914,0.041907605830016806
26580,0.0535796747095401,0.3222496273812124,0.19599040491785974,0.011801655590501,0.1141984593382483,0.09641441397761435,0.0018854191518678576,0.2038803449331563
16886,0.24545308907232868,0.02857635821199858,0.5704141354239747,0.03602800027476231,0.02009999915051166,0.053088260597207115,0.006819183926969642,0.03952097334224725
27931,0.31198099035206067,0.013166522765745486,0.5717250474441098,0.0014165108281989026,0.019524416629383236,0.06592667023697281,0.01406522779653863,0.0021946139469903904
8977,0.03418747503524957,0.4847628263018149,0.12536125196327555,0.21471075878525003,0.031082215342373792,0.0201769448322293,0.009472937605055175,0.08024559013475169
20285,0.010746664848194202,0.008564012094320722,0.11620235016097996,0.009849899047074092,0.009671631687563945,0.0012829053746659783,0.8429472160337848,0.0007353207534164102
2427,0.05803899795830594,0.5730200145967616,0.09641278560972527,0.008291982835578174,0.012933098746462294,0.015033522668911376,0.009020658911420044,0.22724893867283533
1324,0.5055505644104864,0.023405033465100776,0.42765586956152957,0.014790529152987106,0.007181911884127595,0.007590173397112147,0.0016957761865195433,0.01213014194213699
25006,0.27495539427848564,0.11013754164202211,0.2577854067353263,0.04811086941053639,0.0010141213942235657,0.14669729242805865,0.016750294476965612,0.14454907963438174
13134,0.6540864851493853,0.017867612295923894,0.061220880357066486,0.027291410272551848,0.012869173814481367,0.21626058576309948,0.001698207083424667,0.00870564526406705
11834,0.9411850150684906,0.005391820911269944,0.026525382867740314,0.010341366072991522,0.008185831357782159,0.00016349248284945736,0.005464719631288681,0.0027423716075873896
19930,0.24939588240151347,0.006804067412325043,0.011796815065638509,0.0057418546504246345,0.0019678109829700343,0.7146205463830224,0.0016516483235511652,0.008021374780554702
12212,0.33488235537253636,0.01639551765460502,0.20679714576464067,0.01570644178027774,0.09505956742148149,0.07607387689618442,0.0065170611564280174,0.24856803395384622
14062,0.043498322594032635,0.011666149205253051,0.04762962867979538,0.0011128611105497917,0.0035432202472504247,0.0014328674468938579,0.0007880058814816285,0.8903289448347431
18965,0.19547514643706476,0.03585896854831044,0.4592207223780351,0.0037164873518311624,0.026342887733074617,0.14716087318148127,0.0046580706490790885,0.12756684372112365
10744,0.6073521851550943,0.058405940188924886,0.08806282639452284,0.07697264248128945,0.02232761790571919,0.02698235182927104,0.0031164167941400214,0.11678001925103824
20664,0.04425909777997552,0.009277633160445102,0.11178516007928446,0.008989435043744266,0.021475247024438933,0.0138959813859459,0.7868103751029533,0.0035070704232125984
17021,0.13540180555023806,0.009211823861583866,0.10516432810168447,0.0010482915793872617,0.02174088400264728,0.005354469576445946,0.004272191902815596,0.7178062054251975
8212,0.5007819690174629,0.012711233931287702,0.3936171871184189,0.0017723661906116999,0.027737833877745838,0.015806810158205984,0.025923770862737498,0.02164882884352936
20736,0.5373210050237219,0.02452456023826218,0.19233378433450363,0.04152464062885161,0.028414716017199852,0.04752180958603478,0.06390685328384227,0.06445263088758364
11963,0.08845418548047312,0.030867516554341175,0.7776834944930792,0.005615446460843519,0.00999514056500802,0.007167443442888856,0.0008944950308235967,0.07932227797254243
12970,0.3520804821094838,0.11289762536512939,0.22805162187519565,0.04830559297855909,0.058676505146874315,0.04090624988830099,0.022811963897552103,0.1362699587389048
19053,0.8480356959087193,0.004849464829523934,0.05872116862782338,0.009372911446296005,0.040716926899525996,0.00868152733815843,0.006666290029936871,0.022956014920016133
20877,0.012485717370317482,0.0004572027504804432,0.014590589555196988,0.0009408141194753005,0.004950124572143821,0.9645336789652397,0.0009403869569779332,0.0011014857101685476
6688,0.09226743285116036,0.010558045754071441,0.05000552593509128,0.00293998150670602,0.3548604857142397,0.00507380761116782,0.4609914930390551,0.02330322758850822
1485,0.13843843828122998,0.01687830670743388,0.38502533584208887,0.01663590241225464,0.016671973876549978,0.40461310190693184,0.01143490814991122,0.0103020328235996
9915,0.014571009041032272,0.0013041869619990995,0.9777065939723478,0.003743121264477585,0.00036901617178722616,0.0007081440798058125,7.703088153409537e-05,0.001520897627016218
2785,0.05862736123227886,0.006272184261132573,0.711358180961578,0.0029788955366758145,0.013934371444355652,0.004122891424776081,0.016716558484822328,0.1859895566543806
20128,0.03402750611010343,0.3545190713866574,0.2345166262877194,0.010339489129371465,0.043307899459673484,0.018321647662887755,0.0024368670842577138,0.30253089287932927
12295,0.5970368378738231,0.05252915253196898,0.15400130272818427,0.02561838166093503,0.012880711839921436,0.08588880819429379,0.016429696022999783,0.05561510914787358
14567,0.18723179750189153,0.03146974731791071,0.659746145057495,0.01398482842240309,0.07044911064434622,0.01898490848548578,0.0023366946473995435,0.015796767923068167
25052,0.22098086729707522,0.07210417294982692,0.509322380712099,0.01896775470431775,0.00906765951483114,0.05562240530540569,0.014343273033831216,0.099591486482613
25689,0.8750890060097589,0.008410277936248467,0.026563817219198916,0.031460982186956296,0.03672417522614745,0.019798919308089264,0.0011880782084098627,0.0007647439051907476
18873,0.05231090317541168,0.5107961094354156,0.299950269107669,0.0014737767792781281,0.022369447854351056,0.010280662970898255,0.005856498933811897,0.0969623317431643
18451,0.047324876279925765,0.15658943080777263,0.5224983101555846,0.006798506496719425,0.014397667586377661,0.02755133556629328,0.0006292177993828676,0.22421065530794396
8422,0.1290400978932741,0.035546399970245585,0.6397253651765834,0.031119339202206966,0.007850814629765552,0.006326945575812555,0.0015190405830201377,0.14887199696909165
9199,0.012472311296450635,0.0039546142750716655,0.20219275462704098,0.0008872019852283015,0.0013048229679121326,0.0013581789638576912,0.004134278530836151,0.7736958373536025
9941,0.08758675933636792,0.005647943633182399,0.03568605930938981,0.0010014941897828825,0.0028877674019936925,0.003262885123131245,0.007526280243289534,0.8564008107628625
20517,0.14574929233197986,0.0032662562917945776,0.8313009386584573,0.0038560045793773015,0.010755097451066065,0.0026394818082688307,0.0005223064258770183,0.0019106224531789966
12718,0.3660441255444443,0.3469825327371144,0.13883949106154292,0.0030547891091953455,0.031065884066743137,0.016498738130301442,0.012860734168288162,0.08465370518237036
1681,0.05219285871412737,0.09295058241760572,0.6171098933276478,0.0562016544386728,0.017410795203037108,0.05187483250416353,0.0035347937762571884,0.10872458961848855
4828,0.016724656699160685,0.6331769724243227,0.0845726744289474,0.009711156766870932,0.0045855976002854345,0.0507685405756808,0.0023494196699961997,0.1981109818347359
22986,0.9159023540836072,0.000984951074598441,0.019664267982306246,0.002687279225063558,0.012894758813792356,0.0038064187542919932,0.003002328899368622,0.041057641166971616
423,0.1200495822027301,0.0031717612028730087,0.8501999662391122,0.0015664649314386634,0.01083637550942819,0.0019257609285160094,0.0034625389263030237,0.008787550059598824
19294,0.19100512111979173,0.027920307686858086,0.6498340019955883,0.014603704910141438,0.05940757965179742,0.021467992807700932,0.009419383296203116,0.02634190853191896
6354,0.14468005594636557,0.019121680457419153,0.40801238946044693,0.014225945019488777,0.2693633338541557,0.10892540624783416,0.010568263134463409,0.025102925879826408
4086,0.2316784457317086,0.0230286962337782,0.434567917424873,0.00508390283657034,0.01971765013117306,0.007044066784735841,0.025203875400937294,0.25367544545622356
3146,0.7084124968554243,0.0032932965433415235,0.2579376076775971,0.002860735172247314,0.005566518081715325,0.013345869438882944,0.005506782523383479,0.0030766937074080203
8759,0.27495539427848564,0.11013754164202211,0.2577854067353263,0.04811086941053639,0.0010141213942235657,0.14669729242805865,0.016750294476965612,0.14454907963438174
1358,0.5792864309055987,0.011551942440025,0.2797225401841846,0.003080569921578696,0.06565485718173104,0.010402302579438858,0.03698362709485968,0.013317729692583392
8466,0.1718484069361062,0.003968147882168986,0.03769890830833139,0.017177127698671784,0.009701184052009667,0.7552777817985692,0.000648240310051743,0.003680203014091092
12664,0.5581300134488607,0.039548299447932624,0.13206314860405907,0.005180031967379957,0.07983585465299334,0.03514350355590515,0.014865801747540248,0.13523334657532882
13113,0.3233416536393264,0.11862619647159149,0.08870108057313471,0.015351392828619808,0.0208370727239246,0.387817832345824,0.0029986900272723047,0.04232608139030666
24532,0.8915031651691274,0.011844283994474382,0.06562310060059519,0.004882153558435764,0.005100664596364857,0.006085323829617134,0.0029739541419503,0.011987354109434838
26881,0.42261266413253845,0.029607269071264534,0.26005225835559637,0.01555970426107599,0.09994978521335715,0.09184772124947299,0.0045502096288761494,0.07582038808781841
20970,0.44317025640089597,0.011161039505632296,0.38636551311059897,0.019634044716617116,0.010354185321100804,0.10524271905776067,0.0022885673910518285,0.02178367449634222
5951,0.20795251272841833,0.014035751644350907,0.34096521404154323,0.0039668160536153445,0.03257987501499961,0.3681773100809944,0.01015340644530824,0.022169113990769894
2547,0.03354278233759673,0.0019013770147560853,0.9498775677402038,0.005066762023740016,0.00208687549960164,0.002435316282169882,0.000369678378002897,0.004719640723928934
254,0.4617981762170736,0.0032153413548140185,0.3537058880500591,0.005904283730159803,0.11908676175447111,0.008120199213216408,0.04359063157177976,0.004578718108426122
9824,0.7500451921000718,0.00408545858419708,0.17840411187174457,0.001404049016284512,0.009290621843332104,0.0018385989080997875,0.037782314638016366,0.01714965303825387
27314,0.08499604050523282,0.5507153000286151,0.058245270218889394,0.018653811390671887,0.024330481898855526,0.0898219908581802,0.005050738268505596,0.16818636683104943
13643,0.282488841077467,0.1076759862404581,0.0362159846790566,0.02593976129045462,0.017110359102772546,0.014335571325666777,0.008104299853004131,0.5081291964311202
7998,0.6299564855873685,0.06928831441250391,0.0804234330865804,0.03468590813947922,0.02115127764541124,0.05802205644705364,0.004248890565947872,0.10222363411565519
6742,0.5551335463719552,0.007290260282958399,0.33288044443806164,0.05744703309577625,0.008598102690584747,0.008487615015266712,0.024413844322057263,0.005749153783339715
25525,0.3469824078883686,0.05781547989871483,0.20964692084938144,0.030113668165752155,0.05113205887736226,0.047022386479453504,0.010051577741824571,0.24723550009914264
26065,0.04110071729427358,0.2927540114189157,0.21657656095869873,0.004996225882459885,0.08249579399900848,0.1211167261314842,0.0019561459629083983,0.23900381835225093
997,0.008026251535401558,0.7914976744550002,0.048520191242798764,0.005141860255552031,0.0006673541207330386,0.0023277309859406933,0.00019640104337568297,0.14362253636119812
12263,0.33268289038672044,0.03529247898423967,0.04206944765207036,0.0021718744926195006,0.03234628346310828,0.008809469835764482,0.020299307734446267,0.526328247451031
61,0.13739807636478646,0.02416264703263268,0.3548604878309421,0.0031580176184221433,0.34790193423133703,0.08446828583152441,0.003218411684447927,0.0448321394059072
25885,0.007784318045266845,0.007117532103312781,0.013427575110717372,0.0011493490574507337,0.0006266574693049364,0.0007390588216074318,0.000944368338002005,0.9682111410543378
2671,0.3804595634531451,0.0021368245513739654,0.11136180604348202,0.026558383002132067,0.0414778955808232,0.4355497711139325,0.0004376572500582811,0.0020180990050527557
10244,0.14129842334705317,0.0013015950014469975,0.8196603722730036,0.0046961363345471,0.010873600826843102,0.00898466602790806,0.001352984537671681,0.01183222165152628
11011,0.9614815436757987,0.0036047547358029584,0.004031847132212129,0.01079115801700422,0.0021730733548505285,0.015354886041087472,0.0003573521871760831,0.0022053848560681117
346,0.12406693409022362,0.030107743805676233,0.7418089100570854,0.012295559247423466,0.05215173662778044,0.0078941473665917,0.000833874307347029,0.03084109449787201
21405,0.31928694771191146,0.05574426676474321,0.20616694336659,0.041878805873743014,0.059543689213891055,0.03770648032675224,0.01770920549370635,0.2619636612486627
20226,0.26325247300231497,0.3635645741462571,0.11327561314015029,0.010442672877273101,0.01415046663704277,0.10408678723611922,0.01091694454124353,0.12031046841959904
24838,0.7017440385715373,0.005284866453065328,0.227998455067592,0.02844954749375994,0.011178349518816312,0.010292940186002783,0.003854113087112765,0.011197689622113602
5742,0.2853151518910147,0.308622516367349,0.255724602717007,0.00638551000768868,0.060674722080663455,0.03184154817089454,0.004591215053523345,0.04684473371185944
4758,0.27495539427848564,0.11013754164202211,0.2577854067353263,0.04811086941053639,0.0010141213942235657,0.14669729242805865,0.016750294476965612,0.14454907963438174
15401,0.9192306702443873,0.0016539164490022762,0.05683132812189252,0.0071763112245229336,0.003324577912205559,0.0007799188353308729,0.005467679894819456,0.005535597317839272
10797,0.3731781041051284,0.06798851388663966,0.13260523856229642,0.002977320335460035,0.01666440772165136,0.0018350310244455382,0.00507346082056542,0.39967792354381315
21942,0.10847534939910365,0.005236794499431846,0.1770430690256031,0.6317306674411218,0.03699824798062171,0.021498673415761914,0.013327208472152945,0.005689989766203013
23539,0.5778937186240306,0.014855729127628685,0.17719413175957302,0.007998780838666234,0.04175053167326433,0.08008734637812573,0.04297553081808336,0.057244230780628076
4098,0.040508266494782334,0.23381998494135572,0.44160417890540915,0.004415388774502617,0.04958669041712905,0.11982358959761363,0.0016282930973284915,0.10861360777187912
18289,0.25285601724114043,0.06928940298514116,0.5244694391462494,0.009587436759105306,0.05278928547493212,0.05043269190915396,0.004051800722276619,0.03652392576200098
15969,0.3037869300609093,0.0058812438659768505,0.6518778210722035,0.0032317983146873,0.01575271908950834,0.0037243417792209806,0.001602150812346482,0.014142995005147188
3905,0.029398906614828007,0.14850968969887962,0.038195892487405264,0.6674839346386829,0.0246424851189215,0.035594350917233966,0.004635572273494062,0.0515391682505546
21989,0.01045187685244481,0.03733695400876514,0.5660193466235679,0.01321364210783176,0.04709038633806568,0.055368044321446624,0.2473463268901013,0.023173422857776748
26547,0.3570313783788306,0.020626015884641448,0.28444823335450026,0.026753829300096194,0.029357082148392853,0.011090897392426063,0.012535464934931026,0.2581570986061817
25153,0.1633144897020696,0.0223587713853881,0.4090535064722925,0.011745038579867154,0.15557399393775936,0.054380657272443865,0.16076937622606013,0.02280416642411923
9706,0.1651845131879671,0.023763574402972634,0.6740985737802642,0.015420722028462909,0.0485372346009141,0.010896377287091764,0.0016069616636431047,0.0604920430486841
11655,0.8386553017763679,0.0048382859485694985,0.08696336885041701,0.0005450154974435601,0.008994649078837767,0.010741009892577279,0.005021668333985645,0.04424070062180127
10887,0.80333258515981,0.05214241675075621,0.06351730101630162,0.0020951008769328895,0.028158473265555227,0.022699946057491656,0.00305901040532161,0.02499516646783068
19087,0.04878411530295391,0.036086146261981214,0.2658191385838681,0.03454710803372156,0.02088206897786642,0.01805836756154677,0.000951375683135784,0.5748716795949262
22570,0.8767833417809242,0.008096039066935748,0.07730844120342448,0.0011683712074015103,0.015459788080877529,0.004187424593075499,0.0031489647456081947,0.0138476293217529
16588,0.5746837012737883,0.010026808919932136,0.22862752973466424,0.0095291251743805,0.09407635230018696,0.0650199219453512,0.005588223904196361,0.012448336747500292
19524,0.43037320437910903,0.07577136525254151,0.18348958815072464,0.0619720923744475,0.04458863021361646,0.0488312272155721,0.028251991435795983,0.12672190097819275
27327,0.13135038073369,0.34038081172456597,0.43997054978837125,0.012572444408462202,0.014248426245779445,0.01553689156411652,0.0012754205580033518,0.044665074977011325
9802,0.13650509203820432,0.06128067994681156,0.12939358502864903,0.43799907283242406,0.01731028621027974,0.19949227725081553,0.0066077622538834695,0.01141124443893236
15658,0.0579668294018261,0.20679432920208854,0.03738086296692977,0.013175514786691666,0.010847019024633359,0.005546856919327926,0.005175707726701346,0.6631128799718014
26686,0.8603065035502981,0.004426072766701292,0.0779777271020708,0.02142722781671281,0.012132833395152203,0.009358018482789608,0.00832457725825415,0.006047039628021151
27649,0.03038075306304764,0.16871139061356386,0.5830413312500567,0.004621624090529542,0.010199353062222851,0.022096328536484282,0.005019873965458969,0.17592934541863603
21404,0.12213479502695126,0.27978555915235614,0.12554161719898552,0.017840960370623306,0.012378205160216692,0.12963464246562528,0.06465569756300538,0.24802852306223636
4928,0.11810883193588076,0.1990650056233535,0.0379488273019255,0.00673814480970937,0.010722195507272589,0.004740346497934174,0.007167290020941197,0.615509358302983
8701,0.06280185850537713,0.08489008279285976,0.03918413163483723,0.48021220584593993,0.014419098385495726,0.2800186407520059,0.0056464208741899054,0.03282756120929449
9444,0.05856360890425319,0.01991858926519123,0.8123548555216898,0.0014987389934779584,0.06321980894739541,0.0056036522986698855,0.023619217897259213,0.015221528172063145
21570,0.13220317608502513,0.0668165346538908,0.04223451317416848,0.7126960786379563,0.015650705416032137,0.010250725041928088,0.002840217733561469,0.017308049257437525
6154,0.014409111766425143,0.023348293212683266,0.02065862160656421,0.0008765680691594559,0.001048889928673393,0.002418824330837457,0.0004725121484325415,0.9367671789372244
10861,0.3520804821094838,0.11289762536512939,0.22805162187519565,0.04830559297855909,0.058676505146874315,0.04090624988830099,0.022811963897552103,0.1362699587389048
10233,0.0760460888959579,0.012759658408886267,0.10427126461161401,0.3272577540884401,0.2919345744741865,0.15274386816362448,0.007914470336873538,0.027072321020417248
6066,0.7010509803747486,0.0201341835100093,0.08991973901485596,0.055359043951257576,0.012062017016578061,0.08834927804866052,0.0068993150356037765,0.026225443048286192
18155,0.16633622163016704,0.1670855392958028,0.2340416101705461,0.03863873132013714,0.050740617246451854,0.04922483159699979,0.09163228097769335,0.20230016776220178
6871,0.7079166768865326,0.006387865869637032,0.11879541465511607,0.06989822215887226,0.014880628728760384,0.07043052712773686,0.005102587450030964,0.006588077123313694
3553,0.0345853533509692,0.10850520343537608,0.70873032465562,0.003303856487234738,0.018317694280908545,0.03909455585070764,0.0012394324522406667,0.0862235794869433
16463,0.6738602842795985,0.022420947026438005,0.059429789835127374,0.09611396254388643,0.0066033265405253455,0.021226857890716343,0.011279884933768204,0.1090649469499397
25967,0.09125061782849724,0.047286066334101665,0.07977603192694485,0.001992132485056147,0.008595452878764995,0.011743774895869644,0.009629697429128734,0.7497262262216368
15172,0.7869105598065848,0.004094921341583103,0.159376402402933,0.021595559796932447,0.01685105899843949,0.0029579286354516573,0.0027175944871150643,0.005495974530960438
2591,0.16311975847941484,0.01335927263396076,0.7359611218603271,0.0021330692385000015,0.06128633745278312,0.003488686406701721,0.017426669219294033,0.003225084709018556
12863,0.8428716184872552,0.001846034184366913,0.06472094772347019,0.000296354515062974,0.00457847174413921,0.0046615302119272445,0.004987960379011191,0.076037082754767
8090,0.06066991805334787,0.02573431661648141,0.13216276090511103,0.006418644754157088,0.06923748337959881,0.7006791438647026,0.002692798202375079,0.0024049342242260254
21348,0.005343831161054663,0.27287442442376636,0.010262197701254002,0.010925379270876735,0.0007301448534817857,0.003958735992846641,0.0008579946083411099,0.6950472919883787
21588,0.0187204280440292,0.015123326267675862,0.8813227852289247,0.02707042678746197,0.01301314554673587,0.02309935772633842,0.005118715813580167,0.016531814585253806
23497,0.27040757996709147,0.01852108030878299,0.30160264729464625,0.03719937677995796,0.09115824536050844,0.26011514317241924,0.00451216898920225,0.016483758127391352
11245,0.9380461352107855,0.00871395035431732,0.02056006937607829,0.0003442135011960802,0.003502743100261525,0.002209567873949257,0.015094709978435747,0.011528610604976383
19097,0.6734261133752338,0.0073544990889289515,0.24787658911377095,0.0003484925775136448,0.00905163298263505,0.014540818790281922,0.006258342320054511,0.04114351175158103
9062,0.12092054601583362,0.5202521504887911,0.13409652046177045,0.022712077916075997,0.10408124936069955,0.09028527935858904,0.0042273937311893,0.003424782667050812
11896,0.7988045039832659,0.0038262487180957304,0.14203426110051626,0.004814521848033206,0.013380147041073709,0.014557498397527095,0.021606844682010466,0.0009759742294777867
11336,0.2976655685769819,0.004078797778121696,0.6521576662870047,0.0014098245119276522,0.022583393167195685,0.006393899559269604,0.006041833164592478,0.009669016954906361
14563,0.6735369626764008,0.19616984576095298,0.09456981108186065,0.0035924182644668625,0.004095704178349258,0.0033064752648659665,0.010411992591692608,0.014316790181410946
7410,0.6719004820995853,0.008676550816256215,0.05640755762685635,0.006392405330663265,0.053412543392849905,0.1988703168258412,0.000499155735607527,0.003840988172340276
19408,0.2867359319461404,0.05686407785846677,0.07589033523154182,0.004126974345801963,0.1588457851070163,0.042147907584401706,0.006464087614036316,0.3689249003125947
2586,0.7012399626315855,0.08149470058558664,0.011027447517324176,0.0008002038947356554,0.0020951250183241705,0.0022530746823632717,0.006198760187081274,0.19489072548299932
15151,0.010310173216129617,0.03894148254022,0.4122791603001134,0.0024629346183475775,0.008330264038453897,0.008947245011709593,0.005310336812897726,0.5134184034621282
3504,0.24826169341973464,0.11784679155053354,0.2578673282263095,0.009240879903296018,0.0239727951139696,0.028284740260146508,0.018082851618389836,0.2964429199076204
10419,0.08280102092511782,0.13193826361772995,0.19757959336251113,0.19888423211706502,0.0914636570838366,0.12658769340792136,0.013152751195436414,0.15759278829038167
17618,0.10922227515610336,0.10806356275194573,0.5473337654403722,0.0024703820896038874,0.057446449859280144,0.016205105279569646,0.015370968428705584,0.14388749099441944
13560,0.27495539427848564,0.11013754164202211,0.2577854067353263,0.04811086941053639,0.0010141213942235657,0.14669729242805865,0.016750294476965612,0.14454907963438174
13984,0.023183649745480914,0.2841318818123039,0.08596863090574801,0.0022070221455329376,0.022259828308669013,0.487888682096588,0.0007549637467956835,0.09360534123888148
9819,0.18048250702416146,0.10820243426544161,0.07209918960430498,0.012655506153630954,0.023226804666419163,0.02504025911960513,0.0179350110480647,0.5603582881183719
23949,0.07219248210577854,0.01770040474731809,0.8362358619385954,0.0061821701526825965,0.019667494850780527,0.005839465099995374,0.005116755822111023,0.037065365282738336
15002,0.05152170689559967,0.2953740869299974,0.1706770465555491,0.01508474989491938,0.060762417167716895,0.03185661608188428,0.0013852271657980955,0.3733381493085353
3875,0.1610524654740604,0.06636042865982537,0.48929868515735575,0.033017720086016264,0.11548999776754922,0.04336741710166224,0.008974936445539658,0.08243834930799088
26471,0.29796156382619315,0.12417714961994737,0.1715124054307095,0.027822756426066284,0.013251331615752367,0.01411295531217478,0.01307220945022968,0.33808962831892686
19885,0.27495539427848564,0.11013754164202211,0.2577854067353263,0.04811086941053639,0.0010141213942235657,0.14669729242805865,0.016750294476965612,0.14454907963438174
5756,0.25734064888164165,0.06065676380972595,0.1902273158182909,0.21781612157700256,0.01831086320279357,0.23144124036416577,0.006786902204355389,0.017420144142024255
18070,0.17391196711185541,0.01921523083525038,0.6789632034958986,0.0028606720326367443,0.049392161880643756,0.06323297564454193,0.0035537739019456983,0.008870015097227452
6783,0.11556452598327104,0.004996491420372029,0.829420934440395,0.0008087346567786841,0.023988659329863698,0.008148949886749033,0.007256846792353997,0.009814857490216686
15975,0.23011897007622528,0.013272303023055104,0.38043808976153853,0.04748146942567206,0.036034877023489786,0.07324238326301177,0.003060925659225228,0.21635098176778222
14779,0.784287450949898,0.0035773905484611126,0.06951739743121181,0.09180145098629232,0.010762916932197181,0.024930928016501038,0.004001435838493119,0.011121029296945608
19237,0.2931546757777154,0.021731928433578577,0.6016312357574819,0.012574047287155337,0.014189910848116166,0.03891202539005064,0.007314128595279277,0.010492047910622663
26473,0.7125218766419755,0.030051140128897758,0.07313762677974743,0.0076903556757705665,0.046805612241265816,0.008479643707738602,0.017348282924991444,0.10396546189961303
21311,0.3238444302673171,0.02180040506152968,0.44287644919439817,0.024610735337014945,0.01589923490870805,0.10381364744920668,0.002593622875589274,0.06456147490623607
27551,0.8999061724157412,0.005325020046572051,0.06158197151420799,0.005594279984058654,0.00777407929384761,0.0031438584301803686,0.011649237056529935,0.005025381258862091
2705,0.07113983494492622,0.6826702205219861,0.023438210240218964,0.00392371698748635,0.00406490856162497,0.010841497034381396,0.006157895398772132,0.1977637163106039
12514,0.13255485046308857,0.4632213245060745,0.1500898830947928,0.024490361432579856,0.032051415103732724,0.025526372985541296,0.014051100949637194,0.15801469146455308
26485,0.005361777855562978,0.0269318098232759,0.00407635642206159,0.00022942548896304988,0.000201646252297888,0.0004970570194029105,0.00011288841140410164,0.9625890387270315
8906,0.1821591325483019,0.09868979092715237,0.08131628278719798,0.008725092039236534,0.026101920827834774,0.5584152587773384,0.003993405647046345,0.040599116445891474
674,0.046108738666037576,0.6277876827278418,0.1919737100696638,0.008077792089454285,0.026067672147933055,0.012120745775088709,0.0077691407157321705,0.08009451780824861
9391,0.6192811699570633,0.04591872107394078,0.15968474768989707,0.011642777615549566,0.015038633237485765,0.012664242449841545,0.01972814644175022,0.11604156153447169
7712,0.2831610747035819,0.012331768706307757,0.6358347055410766,0.0028456780255002676,0.0060261826050841795,0.022990740014953034,0.0025279401061235086,0.03428191029737275
17681,0.10879395983963194,0.0052798457248893794,0.704828158787563,0.0014804383880580596,0.059657007677770595,0.11122273457942299,0.0072351178519645095,0.0015027371506994294
15221,0.6347880008536582,0.02428575451151938,0.13174666041753058,0.006158250236417757,0.10583776890326618,0.05241183424030047,0.005338013673947097,0.039433717163360256
11436,0.8993273687931056,0.0027632280643115972,0.06606440922381208,0.0058635392987776425,0.0011308823359808774,0.018141691625966308,0.0031298576720037575,0.003579022986042146
23356,0.24392256563901477,0.011109144451324927,0.5916174117358161,0.008211269927025058,0.009134213621193524,0.10933194030077999,0.023255729593156714,0.0034177247316889274
25632,0.012996514614501794,0.017286060280623315,0.014451654144096656,0.0003824128445095127,0.014053226574738375,0.9395159601212603,0.0004339019216817009,0.0008802694985884024
11684,0.005075114347703971,0.5945831109017531,0.0048643677168221525,0.09544199707268221,0.002814739092981301,0.01143924143872223,0.0030082834889833005,0.28277314594035163
14883,0.3260012070319456,0.061161289178927394,0.12979351698293987,0.029128023212218232,0.036315426503152934,0.33499837261408205,0.014736637872632782,0.06786552660410117
20302,0.03591185103398403,0.2499170475898816,0.2956575805655656,0.05332261881816831,0.12665426861981124,0.03431899581513068,0.0016145748244582804,0.20260306273300024
21899,0.07519501604746096,0.02719184579384836,0.8178098442641384,0.004569478736854298,0.027492836827542937,0.011092499187867536,0.019679792334874345,0.016968686807413
15954,0.046170233067118496,0.006207371638111855,0.10787273259297706,0.008560750430108632,0.24108555370516901,0.5649868454717298,0.016175524548856467,0.008940988545928612
16830,0.39797104900710295,0.19173403302804787,0.23109200330148055,0.042830079789860476,0.016414952434882262,0.07156669110375678,0.0009702474704411767,0.04742094386442787
12111,0.0753240788322409,0.017061124229402785,0.12781861626339147,0.5836347021629735,0.0371327625228437,0.12328864559776248,0.0055819683193505274,0.03015810207203475
11862,0.2439534641758809,0.20720078435993697,0.10918603765197298,0.09223254006668796,0.028214893373121816,0.21958811895796992,0.009030322964777474,0.09059383844965203
26342,0.9444932164971697,0.002153236583252628,0.04600352402294472,0.0012893744399483837,0.0019306290240892789,0.001919110689687732,0.0014139281276416367,0.0007969806152659188
11683,0.854619417978878,0.01321049592759849,0.05289122642588246,0.023455889404657395,0.018918007603505753,0.011465217683400827,0.0071134538822057065,0.018326291093871405
20741,0.022069881225536096,0.3932439879659115,0.024077119770756158,0.0026792352604014863,0.006527311754525481,0.0038515105398183314,0.0008726176130771514,0.5466783358699738
3927,0.0203317877193117,0.5772030869107463,0.03534454455395158,0.009002382556881681,0.005849818937266319,0.038520723731740474,0.0005300137572989734,0.3132176418328029
17864,0.9100222978886849,0.002504519380954069,0.027601089244594566,0.005069809142591797,0.01043424589116861,0.0029114636749363143,0.0024541579786440193,0.03900241679842566
21896,0.02985788640389922,0.6474719918267415,0.007690647171340113,0.0029393943392135124,0.0008770574964597766,0.010738427332974598,0.0013255969045104074,0.29909899852486077
13268,0.023066645740816242,0.0034358485125867925,0.013351198008848084,0.0009555318717496972,0.09381491031944351,0.0016156019737695352,0.8573075544299179,0.006452709142868365
2521,0.10696300878173831,0.01672320237331058,0.8060436344767833,0.00491132812713619,0.030675750543671956,0.008005382996501755,0.015036242949317874,0.01164144975153988
27553,0.1976068365738142,0.008810685536266918,0.15035526671714702,0.001660963676516195,0.5381086008146717,0.08614436082077544,0.007939408860431645,0.00937387700037701
7341,0.7797001289806692,0.008978818961589282,0.10341680482618981,0.09277843259873879,0.003018964314695883,0.0009667574721611705,0.003997588594792008,0.007142504251163834
17027,0.21977018590796224,0.025823226885395602,0.3810345495098169,0.029726497917218847,0.06245890299311676,0.22464953009327232,0.007609436764315888,0.04892766992890133
23178,0.03653987123113481,0.09216619682514716,0.8164179658393085,0.0007832882197281141,0.024951715198472717,0.01294047073227436,0.0002792201231082696,0.015921271830826086
17738,0.023954141983946565,0.040814809521447525,0.017231093828424006,0.022149464395976842,0.004408333497614122,0.8707695429970912,0.004922237661066438,0.0157503761144331
148,0.679539054978776,0.0445814127091413,0.14903617945363729,0.015929403384045096,0.038811523039787944,0.03409844769055702,0.017924780642711108,0.02007919810134426
9508,0.028390602395652234,0.0009350042058313197,0.9652093562877564,0.0010838910323313243,0.0011510417830754352,0.00023988078127440182,0.0002591618923441438,0.0027310616217348146
10373,0.09714121249233686,0.017554554800198192,0.27133577388434066,0.006396267162470109,0.020386559351887885,0.011589892483667007,0.0028431101732571394,0.5727526296518421
25597,0.12215943086389415,0.011223794671775063,0.7506985580974713,0.016303656996386626,0.05570925695575093,0.01648474096027063,0.010103623182019272,0.017316938272432
16300,0.041680100515669054,0.46935832772449537,0.001980185061993589,0.004471646743517753,0.00025921368477738643,0.007642544866565383,0.00016628439287146585,0.47444169701010996
27369,0.07539254831721663,0.4467820146894378,0.07797615256665857,0.008680332419789598,0.018239767951904184,0.08140765814105312,0.0033144351929381057,0.2882070907210019
23931,0.2619754830326362,0.019498065605467376,0.0481790450857283,0.005183698076666074,0.009291920943277467,0.17425575852559397,0.003028762408494685,0.4785872663221359
2811,0.3378867756712542,0.04946311370517688,0.1769887827307453,0.025922898530206708,0.034419912214120454,0.09292802649740683,0.04455689823061904,0.23783359242047059
27886,0.15599607086257858,0.034805528390163556,0.6503666906626486,0.0008563467884703899,0.005337678302399824,0.046935865655159274,0.0037594728914876613,0.10194234644709207
11216,0.015472350921469246,0.008926530870124707,0.010020912986214587,0.0010187684127980975,0.00106482442992596,0.002841212384272815,0.00035542687708498314,0.9602999731181096
26350,0.11339944518252801,0.01191876902138115,0.8209556086469649,0.0026202942274773035,0.01529801539034925,0.006378654373943354,0.010773860498434065,0.018655352658921858
18496,0.7955727286957105,0.018224034704768757,0.05598628008335271,0.02727602259302088,0.036841007241510404,0.014899163046152466,0.008261382066386515,0.042939381569097844
11059,0.26000283701113835,0.13196934443262864,0.29415130980922366,0.003804307090759394,0.21034049573882624,0.0006097303371562286,0.02922508785077299,0.06989688772949453
3724,0.032421525171332975,0.042336666964271595,0.24626934485636154,0.2547390321531827,0.21649992398143209,0.19403372589463777,0.013026770759385764,0.0006730102193955788
23381,0.6978107384191233,0.006354965718849949,0.2183741868056175,0.0033698084912689038,0.03207313961358252,0.035616670337447434,0.002104536979774313,0.004295953634336074
21234,0.8226162305282497,0.01233109268808233,0.09274766216186554,0.0180257457100656,0.011320318174916225,0.010717084880585849,0.015314354933646997,0.016927510922587746
938,0.0027150967020693286,0.8883215229388243,0.004392266586664601,0.0009465659239203723,0.00040964926974566737,0.0005939322058433925,0.00015340018948819392,0.1024675661834441
4334,0.1954479502885912,0.03653021960317492,0.655398918506766,0.01525613406136732,0.014073189725160919,0.04388317788150402,0.0053780145996489845,0.034032395333786714
4069,0.05534451577260833,0.026894472309787996,0.7848254235301317,0.00373576213717351,0.019519249502692758,0.030140966025255116,0.005588401984923097,0.07395120873742751
24307,0.33495948396238795,0.044724708028206404,0.11317645505562203,0.02860946695373786,0.05331274116426733,0.0083870864633616,0.3656281312398766,0.051201927132540216
22936,0.6007791567754399,0.0235454246935273,0.12109024508194599,0.024063964530851044,0.07427604092441317,0.11430879500539975,0.00781292139549234,0.034123451592930544
25232,0.44098760870463166,0.1145633150306456,0.1499065207197496,0.10364299006781559,0.03871818367730895,0.019348647594897687,0.007270519280334054,0.1255622149246167
15502,0.6582840061621344,0.0189952429826163,0.14230131347969957,0.01729057234986128,0.031886924360951585,0.032172749429319976,0.02067334143724985,0.07839584979816691
19844,0.045351456379608794,0.09642345493684007,0.7025661014412083,0.00190273891455803,0.05430052462753496,0.04330119129424909,0.001520221037558098,0.05463431136844259
18653,0.25821459574775246,0.002399244664162745,0.693879431445467,0.007556098030326998,0.025627693184451916,0.003582622306319047,0.0034800660334356713,0.0052602485880839656
4301,0.00561579074403572,0.472091076381327,0.11892031225512244,0.006212338078508215,0.002381083223295347,0.001779950520888843,0.00032784323496545906,0.3926716055618568
7442,0.10836656909111021,0.1288625088616319,0.35712386444227673,0.06983383565818566,0.17060081519685175,0.09368687626703094,0.01468553256048098,0.056839997922431884
20280,0.6510720008063828,0.026355434570967746,0.01410644046135892,0.015324009494989077,0.017712603549933044,0.0029306728612303943,0.007208708050614175,0.2652901302045239
16866,0.2889966055964204,0.01876173273867979,0.31975523985810184,0.05399229897500921,0.038112810284703806,0.1666661317085382,0.021924732225823453,0.09179044861272324
6461,0.11309153085484826,0.0013653982282700757,0.8552313974608008,0.00025735272706553665,0.005398814589139714,0.00536542596770544,0.005084867085633989,0.014205213086536377
8166,0.13058077917279573,0.007047422840012381,0.8006769368049977,0.0005753316607217992,0.025044879561733898,0.006008887840391375,0.01015207253276218,0.019913689586584737
10390,0.628983000150713,0.023733027317069458,0.22050731374006008,0.013661824879241575,0.014996282505367288,0.05270621051695571,0.005051497933506256,0.0403608429570867
22095,0.0821819752518229,0.04454493872999273,0.7450537899584948,0.002394933407975459,0.009803336534971088,0.09561726251569888,0.004025486963377855,0.016378276637666198
24640,0.013021133927414835,0.7666514431757315,0.027182680742371,0.0019782571769904316,0.006131337476967725,0.005783634357443415,0.0013119268179247606,0.17793958632515616
24001,0.023686581221708483,0.008761592628114163,0.006441202701322652,0.0012550883074192833,0.00041717822823933,0.003973914921860094,0.0004904315720587335,0.9549740104192772
21211,0.5248603992941456,0.10892402519019949,0.13021237042792919,0.0048243914616790525,0.0442695058385134,0.01979279985692141,0.04376388600544272,0.12335262192516902
15052,0.25355365241574007,0.05917295925055218,0.06411768457685073,0.04733524291117828,0.015483615680740009,0.46302476122944375,0.00851996458068407,0.0887921193548109
18884,0.9238460338043293,0.0015552238971651758,0.043270255864731794,0.004410830585816019,0.004774935802993835,0.002311549969976097,0.01661046453011013,0.0032207055448777006
15944,0.22791821396787015,0.023800615884521367,0.14204011583471865,0.0055347577057710175,0.10109294280874803,0.0691750458791459,0.003742965092805715,0.4266953428264193
15267,0.05038338017769578,0.008743522020365017,0.08183924828328064,0.014473543831698051,0.018511560339661646,0.8169873411892499,0.0032078644806334553,0.005853539677415558
18620,0.5530902470664458,0.010507071367192278,0.2752664531506737,0.08752211463759801,0.023553572658086167,0.006836352881694442,0.002844111852868916,0.04038007638544057
11754,0.22760184378547021,0.06676782079898462,0.5003259091802533,0.008539566319377297,0.07245913692003232,0.01887984709062075,0.01702684370324201,0.08839903220201951
17346,0.5218273342683688,0.07013479318845697,0.050082509943828145,0.002020080592134007,0.11246355560310785,0.2157513878322254,0.000513171153540067,0.027207167418338788
16845,0.6366159032379172,0.045389827756338104,0.11120880030435264,0.008943615208530271,0.09942059573506441,0.07172357241238467,0.0035883468253606102,0.023109338520052015
13326,0.7837654519632226,0.019644507525214107,0.0596963316753652,0.013952392818186103,0.02328465787630641,0.005380794454552725,0.003264080301218129,0.09101178338593495
12083,0.8226535889737208,0.009903223367920004,0.04253186750935327,0.0030760096421778354,0.002945349061726794,0.0014434468715553586,0.015440607856214792,0.10200590671733135
11926,0.018427861175587795,0.04572906830269431,0.003619811172987591,0.0003580748916372925,0.0004632866563353368,0.0012031990106013395,0.0001710944152493635,0.9300276043749071
